0   5.02951   -33.408
0.01   5.0556792   -33.68636
0.02   5.078479764   -33.6083712
0.03   5.09791949088   -33.199757904
0.04   5.11403924197   -32.4877499597
0.05   5.12691021806   -31.5007050719
0.06   5.13663112365   -30.2677462755
0.07   5.14332525461   -28.8184171321
0.08   5.14713754385   -27.1823568574
0.09   5.14823159741   -25.3889972334
0.1   5.14678675125   -23.4672828107
0.11   5.14299517681   -21.4454155695
0.12   5.1370590608   -19.3506248795
0.13   5.12918788232   -17.208963289
0.14   5.1195958075   -15.0451283769
0.15   5.10849921984   -12.882310625
0.16   5.09611440112   -10.7420670094
0.17   5.0826553757   -8.64421977678
0.18   5.06833192831   -6.6067796527
0.19   5.05334780294   -4.64589254077
0.2   5.03789908833   -2.77580860128
0.21   5.02217279285   -1.00887245153
0.22   5.00634561013   0.644466892244
0.23   4.9905828741   2.17562781303
0.24   4.97503770085   3.57785119124
0.25   4.95985031271   4.84614042106
0.26   4.94514753862   5.97718800058
0.27   4.93104248333   6.96929036952
0.28   4.91763435708   7.82225266895
0.29   4.90500845609   8.53728508073
0.3   4.89323628362   9.11689237287
0.31   4.88237580038   9.56475823084
0.32   4.87247179296   9.88562589644
0.33   4.86355634813   10.0851765665
0.34   4.85564942096   10.169906924
0.35   4.84875948448   10.1470070872
0.36   4.84288424871   10.0242401681
0.37   4.83801143696   9.80982453166
0.38   4.83411960766   9.51231974447
0.39   4.83117901033   9.14051709493
0.4   4.82915246471   8.70333545991
0.41   4.82799625264   8.20972318475
0.42   4.82766101289   7.66856653699
0.43   4.82809262979   7.08860518922
0.44   4.82923310722   6.47835508389
0.45   4.83102142014   5.8460389351
0.46   4.83339433697   5.19952452737
0.47   4.83628720624   4.54627088291
0.48   4.83963470261   3.89328228473
0.49   4.8433715272   3.24707006558
0.5   4.8474330588   2.61362200111
0.51   4.8517559526   1.99837908114
0.52   4.8562786843   1.40621937476
0.53   4.86094203795   0.841448654083
0.54   4.86568953646   0.307797397308
0.55   4.87046781471   -0.191576245464
0.56   4.87522693533   -0.654077970788
0.57   4.87992064816   -1.07766379563
0.58   4.88450659461   -1.46082197478
0.59   4.88894645886   -1.80255086164
0.6   4.89320606802   -2.1023332178
0.61   4.89725544387   -2.36010747686
0.62   4.90106880896   -2.57623646301
0.63   4.90462455041   -2.7514740555
0.64   4.90790514446   -2.88693027596
0.65   4.91089704547   -2.98403525823
0.66   4.91359054296   -3.04450253916
0.67   4.9159795902   -3.07029208503
0.68   4.91806160823   -3.06357344184
0.69   4.91983726891   -3.02668936926
0.7   4.92131026065   -2.96212028806
0.71   4.92248704037   -2.87244983967
0.72   4.92337657511   -2.76033182427
0.73   4.92399007666   -2.6284587517
0.74   4.92434073233   -2.47953220669
0.75   4.92444343479   -2.31623519777
0.76   4.92431451373   -2.1412066275
0.77   4.923971472   -1.95701799087
0.78   4.92343272847   -1.7661523789
0.79   4.92271736971   -1.57098583597
0.8   4.92184491236   -1.37377109269
0.81   4.9208350779   -1.17662367051
0.82   4.91970758108   -0.981510331182
0.83   4.91848193322   -0.790239822293
0.84   4.91717726138   -0.604455850804
0.85   4.91581214396   -0.425632198811
0.86   4.91440446331   -0.255069880469
0.87   4.91297127568   -0.093896225606
0.88   4.91152869843   0.0569342356721
0.89   4.9100918146   0.196637222304
0.9   4.90867459449   0.324594627649
0.91   4.90728983384   0.440349068344
0.92   4.9059491081   0.543597207506
0.93   4.90466274208   0.634182004851
0.94   4.90343979426   0.712084046335
0.95   4.90228805485   0.777412104451
0.96   4.90121405665   0.830393077454
0.97   4.90022309775   0.871361451572
0.98   4.899319275   0.900748424987
0.99   4.89850552709   0.919070826012
1.0   4.89778368627   0.926919950706
1.01   4.89715453744   0.924950437165
1.02   4.89661788365   0.913869285199
1.03   4.89617261679   0.894425121019
1.04   4.89581679245   0.867397797121
1.05   4.89554770788   0.833588407925
1.06   4.89536198216   0.793809791893
1.07   4.89525563741   0.748877581065
1.08   4.89522418042   0.699601849184
1.09   4.89526268362   0.646779400043
1.1   4.89536586476   0.591186728341
1.11   4.89552816457   0.533573676375
1.12   4.89574382174   0.474657801283
1.13   4.8960069447   0.415119459435
1.14   4.89631157961   0.355597606922
1.15   4.89665177427   0.296686308015
1.16   4.89702163757   0.238931936951
1.17   4.89741539405   0.182831052493
1.18   4.89782743365   0.128828919422
1.19   4.89825235613   0.0773186464707
1.2   4.89868501048   0.0286409061626
1.21   4.89912052893   -0.016915801386
1.22   4.89955435579   -0.0591143813928
1.23   4.89998227121   -0.0977679169851
1.24   4.90040040984   -0.132738025916
1.25   4.90080527467   -0.163932846962
1.26   4.90119374621   -0.191304702065
1.27   4.90156308729   -0.214847480291
1.28   4.90191094361   -0.234593789239
1.29   4.90223534056   -0.250611918667
1.3   4.90253467631   -0.263002659848
1.31   4.9028077118   -0.271896022548
1.32   4.90305355769   -0.277447889634
1.33   4.90327165879   -0.279836647128
1.34   4.90346177622   -0.279259825126
1.35   4.90362396767   -0.275930782412
1.36   4.90375856604   -0.270075464865
1.37   4.90386615687   -0.261929264897
1.38   4.90394755477   -0.251734006278
1.39   4.90400377927   -0.2397350757
1.4   4.90403603026   -0.226178719505
1.41   4.90404566338   -0.211309521048
1.42   4.90403416554   -0.195368071273
1.43   4.9040031309   -0.17858884227
1.44   4.90395423738   -0.161198270874
1.45   4.90388922403   -0.143413056767
1.46   4.90380986937   -0.12543867708
1.47   4.90371797085   -0.1074681172
1.48   4.90361532551   -0.0896808153399
1.49   4.90350371209   -0.0722418164562
1.5   4.90338487449   -0.05530112933
1.51   4.90326050678   -0.0389932790094
1.52   4.90313223974   -0.0234370454215
1.53   4.90300162899   -0.00873537772998
1.54   4.90287014471   0.00502452700005
1.55   4.90273916288   0.0177709931292
1.56   4.90260995815   0.0294474966979
1.57   4.90248369817   0.0400121700497
1.58   4.9023614394   0.0494371945667
1.59   4.90224412436   0.0577080954215
1.6   4.90213258012   0.0648229522623
1.61   4.90202751818   0.070791539602
1.62   4.9019295354   0.0756344104318
1.63   4.90183911605   0.079381936199
1.64   4.9017566349   0.0820733158007
1.65   4.90168236108   0.0837555656718
1.66   4.90161646282   0.084482502396
1.67   4.90155901281   0.0843137285249
1.68   4.90150999417   0.0833136315399
1.69   4.90146930689   0.0815504050282
1.7   4.90143677465   0.0790951003218
1.71   4.90141215193   0.0760207159422
1.72   4.90139513127   0.0724013313093
1.73   4.90138535075   0.0683112902875
1.74   4.90138240136   0.0638244392347
1.75   4.90138583441   0.0590134233637
1.76   4.9013951688   0.0539490443694
1.77   4.9014098981   0.0486996814612
1.78   4.90142949737   0.0433307771419
1.79   4.90145342971   0.0379043883534
1.8   4.90148115249   0.0324788028964
1.81   4.90151212316   0.027108220393
1.82   4.90154580464   0.0218424964603
1.83   4.90158167037   0.0167269482386
1.84   4.9016192088   0.0118022189102
1.85   4.90165792746   0.00710419844568
1.86   4.90169735653   0.00266399742895
1.87   4.901737052   -0.00149202949099
1.88   4.90177659827   -0.00534221423109
1.89   4.90181561031   -0.00886946389775
1.9   4.90185373541   -0.0120611114482
1.91   4.9018906544   -0.0149087325555
1.92   4.90192608252   -0.0174079328605
1.93   4.90195976984   -0.0195581098148
1.94   4.90199150135   -0.0213621932851
1.95   4.90202109664   -0.022826368979
1.96   4.9020484093   -0.0239597886844
1.97   4.90207332598   -0.0247742711236
1.98   4.90209576523   -0.0252839970809
1.99   4.90211567607   -0.0255052022503
2.0   4.9021330364   -0.0254558710353
2.01   4.90214785115   -0.0251554342956
2.02   4.90216015035   -0.0246244737843
2.03   4.9021699871   -0.023884435771
2.04   4.90217743541   -0.0229573560608
2.05   4.90218258798   -0.0218655983698
2.06   4.90218555399   -0.0206316077333
2.07   4.90218645684   -0.0192776803645
2.08   4.90218543193   -0.0178257511073
2.09   4.90218262443   -0.0162971993874
2.1   4.90217818722   -0.014712674294
2.11   4.90217227874   -0.0130919392139
2.12   4.90216506107   -0.0114537361975
2.13   4.90215669802   -0.00981567003013
2.14   4.90214735341   -0.00819411179444
2.15   4.90213718939   -0.00660412151687
2.16   4.90212636495   -0.00505938934385
2.17   4.90211503457   -0.00357219452953
2.18   4.90210334698   -0.00215338140671
2.19   4.90209144405   -0.000812351388927
2.2   4.90207945988   0.000442930042318
2.21   4.90206752   0.00160591247205
2.22   4.90205574072   0.00267142700759
2.23   4.90204422858   0.00363564125533
2.24   4.90203308   0.00449600409328
2.25   4.90202238102   0.00525118149158
2.26   4.90201220716   0.00590098465726
2.27   4.9020026234   0.00644629175433
2.28   4.90199368427   0.00688896443773
2.29   4.90198543404   0.00723176038847
2.3   4.90197790698   0.00747824301869
2.31   4.90197112775   0.00763268943461
2.32   4.90196511178   0.00769999770743
2.33   4.90195986581   0.00768559442398
2.34   4.90195538841   0.00759534342574
2.35   4.90195167054   0.00743545656377
2.36   4.90194869621   0.00721240721563
2.37   4.90194644313   0.00693284725032
2.38   4.90194488332   0.00660352801017
2.39   4.90194398388   0.00623122583664
2.4   4.90194370755   0.00582267255672
2.41   4.90194401349   0.00538449128083
2.42   4.90194485788   0.00492313778161
2.43   4.90194619459   0.0044448476494
2.44   4.90194797578   0.00395558934957
2.45   4.90195015253   0.00346102323759
2.46   4.90195267538   0.00296646652112
2.47   4.90195549488   0.00247686410953
2.48   4.90195856206   0.00199676522568
2.49   4.90196182892   0.00153030561155
2.5   4.90196524881   0.00108119511458
2.51   4.90196877682   0.000652710400825
2.52   4.9019723701   0.000247692513064
2.53   4.90197598815   -0.000131451047839
2.54   4.90197959306   -0.000482740049016
2.55   4.90198314969   -0.000804611419195
2.56   4.90198662586   -0.00109590567964
2.57   4.90198999244   -0.00135585028513
2.58   4.90199322344   -0.00158404026519
2.59   4.90199629603   -0.00178041654381
2.6   4.90199919058   -0.00194524231773
2.61   4.9020018906   -0.00207907786455
2.62   4.90200438272   -0.00218275414376
2.63   4.90200665656   -0.00225734554215
2.64   4.90200870467   -0.00230414208781
2.65   4.90201052236   -0.00232462145419
2.66   4.90201210759   -0.00232042105016
2.67   4.90201346078   -0.00229331046359
2.68   4.90201458464   -0.00224516451432
2.69   4.90201548398   -0.00217793713572
2.7   4.90201616553   -0.00209363630229
2.71   4.90201663771   -0.00199430016414
2.72   4.90201691047   -0.00188197455408
2.73   4.90201699502   -0.00175869199161
2.74   4.90201690371   -0.00162645228824
2.75   4.90201664975   -0.00148720484125
2.76   4.90201624708   -0.0013428326673
2.77   4.90201571011   -0.00119513821836
2.78   4.90201505364   -0.00104583099888
2.79   4.90201429258   -0.00089651697516
2.8   4.90201344187   -0.000748689763
2.81   4.90201251629   -0.000603723558449
2.82   4.90201153034   -0.00046286775223
2.83   4.9020104981   -0.000327243174972
2.84   4.90200943314   -0.000197839886443
2.85   4.90200834839   -7.5516429213e-05
2.86   4.90200725609   3.89995502417e-05
2.87   4.90200616769   0.000145109415669
2.88   4.90200509381   0.00024234049619
2.89   4.90200404415   0.00033034199641
2.9   4.90200302753   0.000408879971733
2.91   4.9020020518   0.000477831489029
2.92   4.90200112386   0.000537178085022
2.93   4.90200024962   0.000586998638216
2.94   4.90199943409   0.000627461766708
2.95   4.90199868131   0.000658817858742
2.96   4.90199799441   0.000681390845156
2.97   4.90199737564   0.000695569814265
2.98   4.90199682644   0.000701800557387
2.99   4.90199634741   0.000700577143128
3.0   4.90199593844   0.000692433596313
3.01   4.90199559872   0.000677935761914
3.02   4.90199532679   0.000657673418289
3.03   4.90199512062   0.000632252704488
3.04   4.90199497768   0.000602288913662
3.05   4.90199489497   0.000568399698405
3.06   4.9019948691   0.000531198732276
3.07   4.90199489635   0.000491289845503
3.08   4.90199497273   0.000449261682864
3.09   4.90199509404   0.000405682874479
3.1   4.90199525591   0.000361097754173
3.11   4.90199545389   0.000316022615262
3.12   4.90199568348   0.000270942508948
3.13   4.90199594016   0.000226308585813
3.14   4.90199621947   0.000182535950785
3.15   4.90199651703   0.000140002040968
3.16   4.9019968286   9.90454847773e-05
3.17   4.90199715006   5.99654318059e-05
3.18   4.90199747753   2.30213290067e-05
3.19   4.9019978073   -1.15668999854e-05
3.2   4.90199813591   -4.36182841987e-05
3.21   4.90199846016   -7.29898887251e-05
3.22   4.90199877711   -9.95755818387e-05
3.23   4.9019990841   -0.000123304520564
3.24   4.90199937876   -0.00014413938835
3.25   4.90199965901   -0.000162074421898
3.26   4.90199992305   -0.000177133258386
3.27   4.90200016938   -0.000189366643891
3.28   4.90200039677   -0.000198850026504
3.29   4.90200060427   -0.000205681071389
3.3   4.90200079121   -0.000209977132585
3.31   4.90200095715   -0.000211872698511
3.32   4.9020011019   -0.000211516846985
3.33   4.9020012255   -0.000209070737714
3.34   4.9020013282   -0.00020470514778
3.35   4.90200141042   -0.000198598098514
3.36   4.90200147278   -0.000190932561331
3.37   4.90200151605   -0.000181894285603
3.38   4.90200154113   -0.000171669746699
3.39   4.90200154905   -0.000160444228229
3.4   4.90200154092   -0.000148400053771
3.41   4.90200151795   -0.000135714970654
3.42   4.9020014814   -0.000122560694052
3.43   4.9020014326   -0.000109101609983
3.44   4.9020013729   -9.54936449169e-05
3.45   4.90200130364   -8.18833018421e-05
3.46   4.90200122619   -6.84068495325e-05
3.47   4.90200114191   -5.51896799514e-05
3.48   4.9020010521   -4.23458154017e-05
3.49   4.90200095806   -2.9977563468e-05
3.5   4.90200086102   -1.81753139792e-05
3.51   4.90200076216   -7.0174680431e-06
3.52   4.90200066261   3.4295025344e-06
3.53   4.90200056339   1.31108910253e-05
3.54   4.90200046549   2.19834723616e-05
3.55   4.90200036978   3.00151388046e-05
3.56   4.90200027708   3.71844373817e-05
3.57   4.9020001881   4.34800408868e-05
3.58   4.90200010346   4.89001510253e-05
3.59   4.90200002371   5.34518527076e-05
3.6   4.90199994931   5.71504161186e-05
3.61   4.90199988062   6.00185760504e-05
3.62   4.90199981794   6.20857797919e-05
3.63   4.90199976146   6.33874204539e-05
3.64   4.90199971132   6.39640725133e-05
3.65   4.90199966758   6.3860718388e-05
3.66   4.90199963023   6.31259914421e-05
3.67   4.90199959918   6.18114355113e-05
3.68   4.90199957432   5.99707842355e-05
3.69   4.90199955546   5.7659270766e-05
3.7   4.90199954236   5.49329710466e-05
3.71   4.90199953475   5.18481819114e-05
3.72   4.90199953233   4.84608466103e-05
3.73   4.90199953476   4.48260155963e-05
3.74   4.90199954167   4.09973635342e-05
3.75   4.90199955268   3.7026742902e-05
3.76   4.90199956739   3.29637981658e-05
3.77   4.90199958539   2.88556216113e-05
3.78   4.90199960629   2.4746461488e-05
3.79   4.90199962965   2.06774777602e-05
3.8   4.90199965509   1.66865482178e-05
3.81   4.90199968219   1.28081184627e-05
3.82   4.90199971058   9.0730973703e-06
3.83   4.90199973987   5.50879678229e-06
3.84   4.90199976971   2.13890956857e-06
3.85   4.90199979977   -1.01647500728e-06
3.86   4.90199982972   -3.94081773081e-06
3.87   4.90199985928   -6.62104807958e-06
3.88   4.90199988818   -9.04745257913e-06
3.89   4.90199991618   -1.12135334938e-05
3.9   4.90199994305   -1.31158533954e-05
3.91   4.90199996861   -1.47538531756e-05
3.92   4.9019999927   -1.61296533605e-05
3.93   4.90200001517   -1.72478518721e-05
3.94   4.90200003592   -1.81152972765e-05
3.95   4.90200005485   -1.87408689598e-05
3.96   4.90200007192   -1.91352420273e-05
3.97   4.90200008706   -1.93106561994e-05
3.98   4.90200010028   -1.9280685418e-05
3.99   4.90200011157   -1.90600054992e-05
4.0   4.90200012096   -1.86641728881e-05
4.01   4.90200012847   -1.8109406966e-05
4.02   4.90200013418   -1.74123805294e-05
4.03   4.90200013814   -1.65900219926e-05
4.04   4.90200014045   -1.56593287812e-05
4.05   4.90200014119   -1.46371903185e-05
4.06   4.90200014047   -1.35402299293e-05
4.07   4.90200013839   -1.23846539388e-05
4.08   4.90200013507   -1.11861221761e-05
4.09   4.90200013064   -9.95962664874e-06
4.1   4.90200012521   -8.71938949132e-06
4.11   4.90200011891   -7.47877485807e-06
4.12   4.90200011186   -6.25021493761e-06
4.13   4.90200010418   -5.04515302069e-06
4.14   4.902000096   -3.87399331814e-06
4.15   4.90200008743   -2.74607493722e-06
4.16   4.90200007859   -1.66965056536e-06
4.17   4.90200006958   -6.51879009439e-07
4.18   4.90200006051   3.0116725469e-07
4.19   4.90200005146   1.18448893716e-06
4.2   4.90200004254   1.99413266699e-06
4.21   4.90200003381   2.72716052763e-06
4.22   4.90200002536   3.38160458213e-06
4.23   4.90200001724   3.9564213985e-06
4.24   4.90200000952   4.45143724903e-06
4.25   4.90200000225   4.86728682603e-06
4.26   4.90199999546   5.2053550661e-06
4.27   4.90199998919   5.46770440835e-06
4.28   4.90199998347   5.65701217781e-06
4.29   4.90199997832   5.77649837652e-06
4.3   4.90199997374   5.82985551745e-06
4.31   4.90199996975   5.82117943537e-06
4.32   4.90199996634   5.75489832144e-06
4.33   4.9019999635   5.6357081526e-06
4.34   4.90199996123   5.46850447947e-06
4.35   4.9019999595   5.25831972098e-06
4.36   4.9019999583   5.01026489985e-06
4.37   4.9019999576   4.729470934e-06
4.38   4.90199995737   4.42103809917e-06
4.39   4.90199995759   4.08998486989e-06
4.4   4.90199995821   3.74120599744e-06
4.41   4.90199995921   3.37942961082e-06
4.42   4.90199996055   3.00918302187e-06
4.43   4.90199996219   2.63476181672e-06
4.44   4.90199996409   2.26020241101e-06
4.45   4.90199996622   1.88926037836e-06
4.46   4.90199996853   1.52539144338e-06
4.47   4.901999971   1.17173940239e-06
4.48   4.90199997359   8.31125820611e-07
4.49   4.90199997626   5.06044170123e-07
4.5   4.90199997898   1.98657165384e-07
4.51   4.90199998172   -8.91991511764e-08
4.52   4.90199998445   -3.56013366343e-07
4.53   4.90199998714   -6.00590169597e-07
4.54   4.90199998978   -8.22041293702e-07
4.55   4.90199999233   -1.01976988276e-06
4.56   4.90199999478   -1.19345992289e-06
4.57   4.90199999711   -1.34305687993e-06
4.58   4.90199999931   -1.46875224516e-06
4.59   4.90200000136   -1.57096079789e-06
4.6   4.90200000325   -1.65030488475e-06
4.61   4.90200000498   -1.70759274809e-06
4.62   4.90200000654   -1.74379392348e-06
4.63   4.90200000792   -1.76002298602e-06
4.64   4.90200000913   -1.75751592479e-06
4.65   4.90200001016   -1.73760900424e-06
4.66   4.90200001102   -1.70171993474e-06
4.67   4.9020000117   -1.65132540175e-06
4.68   4.90200001222   -1.58794596672e-06
4.69   4.90200001259   -1.51312306329e-06
4.7   4.9020000128   -1.42840629636e-06
4.71   4.90200001287   -1.33533612257e-06
4.72   4.9020000128   -1.23542768549e-06
4.73   4.90200001262   -1.13015811465e-06
4.74   4.90200001232   -1.02095560095e-06
4.75   4.90200001191   -9.09188294429e-07
4.76   4.90200001142   -7.96152225035e-07
4.77   4.90200001085   -6.83068016372e-07
4.78   4.9020000102   -5.71068273558e-07
4.79   4.9020000095   -4.6119776087e-07
4.8   4.90200000876   -3.54406651581e-07
4.81   4.90200000798   -2.51547152885e-07
4.82   4.90200000717   -1.53371729539e-07
4.83   4.90200000635   -6.05351466731e-08
4.84   4.90200000553   2.64085500135e-08
4.85   4.9020000047   1.07002126271e-07
4.86   4.90200000389   1.80883471756e-07
4.87   4.90200000309   2.47785155949e-07
4.88   4.90200000232   3.07524835819e-07
4.89   4.90200000158   3.60008186817e-07
4.9   4.90200000088   4.0521771183e-07
4.91   4.90200000021   4.43209810186e-07
4.92   4.90199999959   4.74110692039e-07
4.93   4.90199999902   4.98107496583e-07
4.94   4.9019999985   5.1544331825e-07
4.95   4.90199999803   5.26411788826e-07
4.96   4.90199999761   5.31347662758e-07
4.97   4.90199999725   5.30624330253e-07
4.98   4.90199999694   5.24646445399e-07
4.99   4.90199999668   5.13839889749e-07
5.0   4.90199999647   4.9865088414e-07
5.01   4.90199999631   4.79539149723e-07
5.02   4.9019999962   4.56970003171e-07
5.03   4.90199999614   4.31410981605e-07
5.04   4.90199999611   4.03326513521e-07
5.05   4.90199999613   3.73175343071e-07
5.06   4.90199999619   3.41402536463e-07
5.07   4.90199999628   3.08439570773e-07
5.08   4.9019999964   2.7470007069e-07
5.09   4.90199999655   2.40575545263e-07
5.1   4.90199999672   2.06433256267e-07
5.11   4.90199999692   1.72617195204e-07
5.12   4.90199999713   1.39441866054e-07
5.13   4.90199999735   1.07194239263e-07
5.14   4.90199999759   7.61321530263e-08
5.15   4.90199999783   4.6482892202e-08
5.16   4.90199999808   1.84447870311e-08
5.17   4.90199999833   -7.81562903285e-09
5.18   4.90199999858   -3.21594448849e-08
5.19   4.90199999882   -5.44775033973e-08
5.2   4.90199999907   -7.46883586089e-08
5.21   4.9019999993   -9.27379204541e-08
5.22   4.90199999952   -1.08596790227e-07
5.23   4.90199999973   -1.22259283586e-07
5.24   4.90199999993   -1.33742986463e-07
5.25   4.90200000012   -1.43085379989e-07
5.26   4.90200000029   -1.50342863492e-07
5.27   4.90200000045   -1.55588978146e-07
5.28   4.90200000059   -1.58911742432e-07
5.29   4.90200000072   -1.60412852779e-07
5.3   4.90200000083   -1.60204752575e-07
5.31   4.90200000092   -1.58409566353e-07
5.32   4.902000001   -1.55155191806e-07
5.33   4.90200000107   -1.50577431413e-07
5.34   4.90200000111   -1.4481475219e-07
5.35   4.90200000115   -1.38006775785e-07
5.36   4.90200000117   -1.30295610745e-07
5.37   4.90200000117   -1.21821145171e-07
5.38   4.90200000117   -1.12721579626e-07
5.39   4.90200000115   -1.03132094864e-07
5.4   4.90200000112   -9.31820984817e-08
5.41   4.90200000109   -8.29972677252e-08
5.42   4.90200000104   -7.26949309637e-08
5.43   4.90200000099   -6.23868210425e-08
5.44   4.90200000093   -5.2176677201e-08
5.45   4.90200000087   -4.21598009837e-08
5.46   4.9020000008   -3.24219904257e-08
5.47   4.90200000073   -2.30420269531e-08
5.48   4.90200000065   -1.40875009436e-08
5.49   4.90200000058   -5.61943025446e-09
5.5   4.9020000005   2.31235830483e-09
5.51   4.90200000043   9.66514335232e-09
5.52   4.90200000036   1.64071281006e-08
5.53   4.90200000028   2.25131771003e-08
5.54   4.90200000021   2.79663261438e-08
5.55   4.90200000014   3.27580487181e-08
5.56   4.90200000008   3.68871013734e-08
5.57   4.90200000002   4.03581914554e-08
5.58   4.90199999996   4.31825988301e-08
5.59   4.90199999991   4.53774653408e-08
5.6   4.90199999986   4.69649954482e-08
5.61   4.90199999982   4.79715680513e-08
5.62   4.90199999978   4.84281805768e-08
5.63   4.90199999975   4.83688502584e-08
5.64   4.90199999972   4.78295483219e-08
5.65   4.9019999997   4.6849887525e-08
5.66   4.90199999968   4.547010235e-08
5.67   4.90199999966   4.37319371827e-08
5.68   4.90199999965   4.16790015834e-08
5.69   4.90199999965   3.93522405773e-08
5.7   4.90199999965   3.67948196356e-08
5.71   4.90199999965   3.4048483144e-08
5.72   4.90199999965   3.11544425813e-08
5.73   4.90199999966   2.81508896194e-08
5.74   4.90199999967   2.50766376553e-08
5.75   4.90199999969   2.19660591938e-08
5.76   4.9019999997   1.88540596469e-08
5.77   4.90199999972   1.57711035342e-08
5.78   4.90199999974   1.27468560152e-08
5.79   4.90199999976   9.80654135674e-09
5.8   4.90199999978   6.97325219789e-09
5.81   4.9019999998   4.26919299912e-09
5.82   4.90199999982   1.7121273288e-09
5.83   4.90199999985   -6.83645140498e-10
5.84   4.90199999987   -2.90471291464e-09
5.85   4.90199999989   -4.94130603101e-09
5.86   4.90199999991   -6.78614142657e-09
5.87   4.90199999994   -8.43380121296e-09
5.88   4.90199999996   -9.88144321923e-09
5.89   4.90199999998   -1.11296003524e-08
5.9   4.90199999999   -1.21780949769e-08
5.91   4.90200000001   -1.30320785274e-08
5.92   4.90200000003   -1.3696080714e-08
5.93   4.90200000004   -1.41764964212e-08
5.94   4.90200000005   -1.44815857084e-08
5.95   4.90200000007   -1.4620052724e-08
5.96   4.90200000008   -1.46029996984e-08
5.97   4.90200000008   -1.44411735903e-08
5.98   4.90200000009   -1.41461207193e-08
5.99   4.9020000001   -1.37308084902e-08
6.0   4.9020000001   -1.32067832226e-08
6.01   4.9020000001   -1.25873675927e-08
6.02   4.90200000011   -1.18849072805e-08
6.03   4.90200000011   -1.11133466874e-08
6.04   4.90200000011   -1.02847650396e-08
6.05   4.9020000001   -9.411152746e-09
6.06   4.9020000001   -8.50432257948e-09
6.07   4.9020000001   -7.57653140226e-09
6.08   4.90200000009   -6.6376379948e-09
6.09   4.90200000009   -5.69830049812e-09
6.1   4.90200000008   -4.76722306075e-09
6.11   4.90200000008   -3.85373155609e-09
6.12   4.90200000007   -2.96573077208e-09
6.13   4.90200000007   -2.11023731822e-09
6.14   4.90200000006   -1.29400135052e-09
6.15   4.90200000005   -5.21374943219e-10
6.16   4.90200000005   2.02401650995e-10
6.17   4.90200000004   8.73153993552e-10
6.18   4.90200000003   1.48786227783e-09
6.19   4.90200000003   2.04546068971e-09
6.2   4.90200000002   2.54346232964e-09
6.21   4.90200000001   2.98053492997e-09
6.22   4.90200000001   3.35801075835e-09
6.23   4.902   3.67517927202e-09
6.24   4.902   3.93319510295e-09
6.25   4.90199999999   4.13383460796e-09
6.26   4.90199999999   4.27949586879e-09
6.27   4.90199999998   4.37177760659e-09
6.28   4.90199999998   4.41343317448e-09
6.29   4.90199999998   4.40916991806e-09
6.3   4.90199999997   4.3601424693e-09
6.31   4.90199999997   4.27123580948e-09
6.32   4.90199999997   4.14582501662e-09
6.33   4.90199999997   3.98835098281e-09
6.34   4.90199999997   3.80085651841e-09
6.35   4.90199999997   3.58973650805e-09
6.36   4.90199999997   3.35632321935e-09
6.37   4.90199999997   3.10612335852e-09
6.38   4.90199999997   2.84295609276e-09
6.39   4.90199999997   2.5693971395e-09
6.4   4.90199999997   2.28873275887e-09
6.41   4.90199999997   2.00575911435e-09
6.42   4.90199999997   1.72198610926e-09
6.43   4.90199999997   1.44087763942e-09
6.44   4.90199999998   1.16527587579e-09
6.45   4.90199999998   8.97312446568e-10
6.46   4.90199999998   6.3903016212e-10
6.47   4.90199999998   3.92383014969e-10
6.48   4.90199999998   1.58525637062e-10
6.49   4.90199999999   -5.94333471327e-11
6.5   4.90199999999   -2.62559751718e-10
6.51   4.90199999999   -4.48100223593e-10
6.52   4.90199999999   -6.16765305494e-10
6.53   4.90199999999   -7.66778640582e-10
6.54   4.902   -8.99206042959e-10
6.55   4.902   -1.01333696989e-09
6.56   4.902   -1.10926023922e-09
6.57   4.902   -1.18724230447e-09
6.58   4.902   -1.24772725485e-09
6.59   4.902   -1.29204735799e-09
6.6   4.902   -1.31966970685e-09
6.61   4.90200000001   -1.3329035653e-09
6.62   4.90200000001   -1.33086075493e-09
6.63   4.90200000001   -1.3168275359e-09
6.64   4.90200000001   -1.28956045842e-09
6.65   4.90200000001   -1.25190169342e-09
6.66   4.90200000001   -1.20420651228e-09
6.67   4.90200000001   -1.14825127184e-09
6.68   4.90200000001   -1.08385833641e-09
6.69   4.90200000001   -1.01360342342e-09
6.7   4.90200000001   -9.38197075584e-10
6.71   4.90200000001   -8.59060378389e-10
6.72   4.90200000001   -7.76282149673e-10
6.73   4.90200000001   -6.91283474907e-10
6.74   4.90200000001   -6.06284800142e-10
6.75   4.90200000001   -5.20131493431e-10
6.76   4.90200000001   -4.35665725718e-10
6.77   4.90200000001   -3.52443407792e-10
6.78   4.90200000001   -2.71263900231e-10
6.79   4.90200000001   -1.92926563614e-10
6.8   4.90200000001   -1.18941301253e-10
6.81   4.902   -4.80646633605e-11
6.82   4.902   1.76605396973e-11
6.83   4.902   7.88560328147e-11
6.84   4.902   1.34900091098e-10
6.85   4.902   1.85881532389e-10
6.86   4.902   2.31267449635e-10
6.87   4.902   2.71235478522e-10
6.88   4.902   3.05341529838e-10
6.89   4.902   3.34562599846e-10
6.9   4.902   3.57921692284e-10
6.91   4.902   3.76484621256e-10
6.92   4.902   3.90073751078e-10
6.93   4.902   3.98511446065e-10
6.94   4.902   4.02330613269e-10
6.95   4.902   4.02152977586e-10
6.96   4.902   3.97267996277e-10
6.97   4.902   3.8971847971e-10
6.98   4.902   3.78260978096e-10
6.99   4.902   3.63606034171e-10
7.0   4.902   3.46553008512e-10
7.01   4.902   3.27279536805e-10
7.02   4.902   3.05963254732e-10
7.03   4.902   2.83492340714e-10
7.04   4.902   2.5942270554e-10
7.05   4.902   2.3464252763e-10
7.06   4.902   2.08707717775e-10
7.07   4.902   1.83216997129e-10
7.08   4.902   1.5710455159e-10
7.09   4.902   1.31969102313e-10
7.1   4.902   1.06744835193e-10
7.11   4.902   8.23199286515e-11
7.12   4.902   5.82502934776e-11
7.13   4.902   3.61346508271e-11
7.14   4.902   1.49071865962e-11
7.15   4.902   -5.25446353095e-12
7.16   4.902   -2.34621211348e-11
7.17   4.902   -4.08704181609e-11
7.18   4.902   -5.59694512958e-11
7.19   4.902   -6.99138524851e-11
7.2   4.902   -8.19042611511e-11
7.21   4.902   -9.24735843455e-11
7.22   4.902   -1.00822461491e-10
7.23   4.902   -1.08194342374e-10
7.24   4.902   -1.1387868426e-10
7.25   4.902   -1.17786669307e-10
7.26   4.902   -1.20540022408e-10
7.27   4.902   -1.21428200828e-10
7.28   4.902   -1.2107292946e-10
7.29   4.902   -1.2018475104e-10
7.3   4.902   -1.17431397939e-10
7.31   4.902   -1.14145137786e-10
7.32   4.902   -1.09704245688e-10
7.33   4.902   -1.04819264379e-10
7.34   4.902   -9.88684689673e-11
7.35   4.902   -9.25624021875e-11
7.36   4.902   -8.52793391459e-11
7.37   4.902   -7.84403653142e-11
7.38   4.902   -7.08020309048e-11
7.39   4.902   -6.30748786534e-11
7.4   4.902   -5.5347726402e-11
7.41   4.902   -4.77093919926e-11
7.42   4.902   -3.95381505314e-11
7.43   4.902   -3.22550874898e-11
7.44   4.902   -2.46167530804e-11
7.45   4.902   -1.73336900389e-11
7.46   4.902   -1.12052589429e-11
7.47   4.902   -4.27746726928e-12
7.48   4.902   1.4068746168e-12
7.49   4.902   7.09121650289e-12
7.5   4.902   1.20650156532e-11
7.51   4.902   1.69499969616e-11
7.52   4.902   2.10356176922e-11
7.53   4.902   2.49436027389e-11
7.54   4.902   2.79634093658e-11
7.55   4.902   3.07167624669e-11
7.56   4.902   3.24931193063e-11
7.57   4.902   3.46247475136e-11
7.58   4.902   3.57793794592e-11
7.59   4.902   3.65787400369e-11
7.6   4.902   3.70228292468e-11
7.61   4.902   3.6401104353e-11
7.62   4.902   3.60458329851e-11
7.63   4.902   3.53352902493e-11
7.64   4.902   3.42694761457e-11
7.65   4.902   3.28483906742e-11
7.66   4.902   3.17825765705e-11
7.67   4.902   2.97397662052e-11
7.68   4.902   2.80522272078e-11
7.69   4.902   2.60982346845e-11
7.7   4.902   2.38777886352e-11
7.71   4.902   2.13908890601e-11
7.72   4.902   1.93480786947e-11
7.73   4.902   1.64170899097e-11
7.74   4.902   1.39301903346e-11
7.75   4.902   1.19761978112e-11
7.76   4.902   9.93338744593e-12
7.77   4.902   7.09121650289e-12
7.78   4.902   5.49249534743e-12
7.79   4.902   3.18323145621e-12
7.8   4.902   1.49569245878e-12
7.81   4.902   -1.91846538655e-13
7.82   4.902   -1.87938553609e-12
7.83   4.902   -3.56692453352e-12
7.84   4.902   -5.25446353095e-12
7.85   4.902   -6.23145979262e-12
7.86   4.902   -7.83018094808e-12
7.87   4.902   -8.71835936778e-12
7.88   4.902   -9.51771994551e-12
7.89   4.902   -1.02282626813e-11
7.9   4.902   -1.01394448393e-11
7.91   4.902   -1.05835340491e-11
7.92   4.902   -1.0938805417e-11
7.93   4.902   -1.12052589429e-11
7.94   4.902   -1.13828946269e-11
7.95   4.902   -1.07611697331e-11
7.96   4.902   -1.06723518911e-11
7.97   4.902   -1.04947162072e-11
7.98   4.902   -1.02282626813e-11
7.99   4.902   -9.87299131339e-12
8.0   4.902   -9.42890210354e-12
8.01   4.902   -8.18545231596e-12
8.02   4.902   -8.18545231596e-12
8.03   4.902   -7.4749095802e-12
8.04   4.902   -6.67554900247e-12
8.05   4.902   -5.78737058277e-12
8.06   4.902   -4.8103743211e-12
8.07   4.902   -4.45510295322e-12
8.08   4.902   -3.38928884958e-12
8.09   4.902   -2.94519963973e-12
8.1   4.902   -2.50111042988e-12
8.11   4.902   -1.34647848427e-12
8.12   4.902   -8.13571432445e-13
8.13   4.902   -2.80664380625e-13
8.14   4.902   2.52242671195e-13
8.15   4.902   7.85149723015e-13
8.16   4.902   1.31805677483e-12
8.17   4.902   1.85096382666e-12
8.18   4.902   1.67332814272e-12
8.19   4.902   2.11741735257e-12
8.2   4.902   2.56150656242e-12
8.21   4.902   3.00559577227e-12
8.22   4.902   2.73914224636e-12
8.23   4.902   3.09441361424e-12
8.24   4.902   3.44968498212e-12
8.25   4.902   3.09441361424e-12
8.26   4.902   3.36086714015e-12
8.27   4.902   3.62732066606e-12
8.28   4.902   3.18323145621e-12
8.29   4.902   3.36086714015e-12
8.3   4.902   3.53850282409e-12
8.31   4.902   3.00559577227e-12
8.32   4.902   3.09441361424e-12
8.33   4.902   2.47268872045e-12
8.34   4.902   2.47268872045e-12
8.35   4.902   2.47268872045e-12
8.36   4.902   2.47268872045e-12
8.37   4.902   1.76214598469e-12
8.38   4.902   1.67332814272e-12
8.39   4.902   1.58451030075e-12
8.4   4.902   1.49569245878e-12
8.41   4.902   1.4068746168e-12
8.42   4.902   6.07514039075e-13
8.43   4.902   4.29878355135e-13
8.44   4.902   2.52242671195e-13
8.45   4.902   7.46069872548e-14
8.46   4.902   -1.03028696685e-13
8.47   4.902   -2.80664380625e-13
8.48   4.902   -4.58300064565e-13
8.49   4.902   -6.35935748505e-13
8.5   4.902   -8.13571432445e-13
8.51   4.902   -2.80664380625e-13
8.52   4.902   -3.69482222595e-13
8.53   4.902   -4.58300064565e-13
8.54   4.902   -5.47117906535e-13
8.55   4.902   -6.35935748505e-13
8.56   4.902   -7.24753590475e-13
8.57   4.902   -8.13571432445e-13
8.58   4.902   -9.02389274415e-13
8.59   4.902   -9.91207116385e-13
8.6   4.902   -1.08002495836e-12
8.61   4.902   -1.16884280033e-12
8.62   4.902   -1.2576606423e-12
8.63   4.902   -6.35935748505e-13
8.64   4.902   -6.35935748505e-13
8.65   4.902   -6.35935748505e-13
8.66   4.902   -6.35935748505e-13
8.67   4.902   -6.35935748505e-13
8.68   4.902   -6.35935748505e-13
8.69   4.902   -6.35935748505e-13
8.7   4.902   -6.35935748505e-13
8.71   4.902   -6.35935748505e-13
8.72   4.902   -6.35935748505e-13
8.73   4.902   -6.35935748505e-13
8.74   4.902   -6.35935748505e-13
8.75   4.902   -6.35935748505e-13
8.76   4.902   7.46069872548e-14
8.77   4.902   -5.47117906535e-13
8.78   4.902   1.63424829225e-13
8.79   4.902   2.52242671195e-13
8.8   4.902   3.41060513165e-13
8.81   4.902   -2.80664380625e-13
8.82   4.902   4.29878355135e-13
8.83   4.902   -1.91846538655e-13
8.84   4.902   -1.91846538655e-13
8.85   4.902   -1.91846538655e-13
8.86   4.902   5.18696197105e-13
8.87   4.902   -1.03028696685e-13
8.88   4.902   -1.03028696685e-13
8.89   4.902   -1.03028696685e-13
8.9   4.902   -1.03028696685e-13
8.91   4.902   6.07514039075e-13
8.92   4.902   -1.42108547152e-14
8.93   4.902   -1.42108547152e-14
8.94   4.902   -1.42108547152e-14
8.95   4.902   -1.42108547152e-14
8.96   4.902   -1.42108547152e-14
8.97   4.902   -1.42108547152e-14
8.98   4.902   -1.42108547152e-14
8.99   4.902   -1.42108547152e-14
9.0   4.902   -1.42108547152e-14
9.01   4.902   -1.42108547152e-14
9.02   4.902   -1.42108547152e-14
9.03   4.902   -1.42108547152e-14
9.04   4.902   -1.42108547152e-14
9.05   4.902   -1.42108547152e-14
9.06   4.902   -1.42108547152e-14
9.07   4.902   -1.42108547152e-14
9.08   4.902   -1.42108547152e-14
9.09   4.902   -1.42108547152e-14
9.1   4.902   -1.42108547152e-14
9.11   4.902   -1.42108547152e-14
9.12   4.902   -1.42108547152e-14
9.13   4.902   -1.42108547152e-14
9.14   4.902   -1.42108547152e-14
9.15   4.902   -1.42108547152e-14
9.16   4.902   -1.42108547152e-14
9.17   4.902   -1.42108547152e-14
9.18   4.902   -1.42108547152e-14
9.19   4.902   -1.42108547152e-14
9.2   4.902   -1.42108547152e-14
9.21   4.902   -1.42108547152e-14
9.22   4.902   -1.42108547152e-14
9.23   4.902   -1.42108547152e-14
9.24   4.902   -1.42108547152e-14
9.25   4.902   -1.42108547152e-14
9.26   4.902   -1.42108547152e-14
9.27   4.902   -1.42108547152e-14
9.28   4.902   -1.42108547152e-14
9.29   4.902   -1.42108547152e-14
9.3   4.902   -1.42108547152e-14
9.31   4.902   -1.42108547152e-14
9.32   4.902   6.96331881045e-13
9.33   4.902   7.46069872548e-14
9.34   4.902   7.46069872548e-14
9.35   4.902   7.46069872548e-14
9.36   4.902   7.46069872548e-14
9.37   4.902   7.46069872548e-14
9.38   4.902   7.46069872548e-14
9.39   4.902   7.46069872548e-14
9.4   4.902   7.46069872548e-14
9.41   4.902   7.46069872548e-14
9.42   4.902   7.46069872548e-14
9.43   4.902   7.46069872548e-14
9.44   4.902   7.46069872548e-14
9.45   4.902   7.46069872548e-14
9.46   4.902   7.46069872548e-14
9.47   4.902   7.46069872548e-14
9.48   4.902   7.46069872548e-14
9.49   4.902   7.46069872548e-14
9.5   4.902   7.46069872548e-14
9.51   4.902   7.46069872548e-14
9.52   4.902   7.46069872548e-14
9.53   4.902   7.46069872548e-14
9.54   4.902   7.46069872548e-14
9.55   4.902   7.46069872548e-14
9.56   4.902   7.46069872548e-14
9.57   4.902   7.46069872548e-14
9.58   4.902   7.46069872548e-14
9.59   4.902   7.46069872548e-14
9.6   4.902   7.46069872548e-14
9.61   4.902   7.46069872548e-14
9.62   4.902   7.46069872548e-14
9.63   4.902   7.46069872548e-14
9.64   4.902   7.46069872548e-14
9.65   4.902   7.46069872548e-14
9.66   4.902   7.46069872548e-14
9.67   4.902   7.46069872548e-14
9.68   4.902   7.46069872548e-14
9.69   4.902   7.46069872548e-14
9.7   4.902   7.46069872548e-14
9.71   4.902   7.46069872548e-14
9.72   4.902   7.46069872548e-14
9.73   4.902   7.46069872548e-14
9.74   4.902   7.46069872548e-14
9.75   4.902   7.46069872548e-14
9.76   4.902   7.46069872548e-14
9.77   4.902   7.46069872548e-14
9.78   4.902   7.46069872548e-14
9.79   4.902   7.46069872548e-14
9.8   4.902   7.46069872548e-14
9.81   4.902   7.46069872548e-14
9.82   4.902   7.46069872548e-14
9.83   4.902   7.46069872548e-14
9.84   4.902   7.46069872548e-14
9.85   4.902   7.46069872548e-14
9.86   4.902   7.46069872548e-14
9.87   4.902   7.46069872548e-14
9.88   4.902   7.46069872548e-14
9.89   4.902   7.46069872548e-14
9.9   4.902   7.46069872548e-14
9.91   4.902   7.46069872548e-14
9.92   4.902   7.46069872548e-14
9.93   4.902   7.46069872548e-14
9.94   4.902   7.46069872548e-14
9.95   4.902   7.46069872548e-14
9.96   4.902   7.46069872548e-14
9.97   4.902   7.46069872548e-14
9.98   4.902   7.46069872548e-14
9.99   4.902   7.46069872548e-14
10.0   4.902   7.46069872548e-14
