0   2.0   31.99951
0.01   2.0   31.99804
0.02   2.0   31.99559
0.03   2.0   31.99216
0.04   2.0   31.98775
0.05   2.0   31.98236
0.06   2.0   31.97599
0.07   2.0   31.96864
0.08   2.0   31.96031
0.09   2.0   31.951
0.1   2.0   31.94071
0.11   2.0   31.92944
0.12   2.0   31.91719
0.13   2.0   31.90396
0.14   2.0   31.88975
0.15   2.0   31.87456
0.16   2.0   31.85839
0.17   2.0   31.84124
0.18   2.0   31.82311
0.19   2.0   31.804
0.2   2.0   31.78391
0.21   2.0   31.76284
0.22   2.0   31.74079
0.23   2.0   31.71776
0.24   2.0   31.69375
0.25   2.0   31.66876
0.26   2.0   31.64279
0.27   2.0   31.61584
0.28   2.0   31.58791
0.29   2.0   31.559
0.3   2.0   31.52911
0.31   2.0   31.49824
0.32   2.0   31.46639
0.33   2.0   31.43356
0.34   2.0   31.39975
0.35   2.0   31.36496
0.36   2.0   31.32919
0.37   2.0   31.29244
0.38   2.0   31.25471
0.39   2.0   31.216
0.4   2.0   31.17631
0.41   2.0   31.13564
0.42   2.0   31.09399
0.43   2.0   31.05136
0.44   2.0   31.00775
0.45   2.0   30.96316
0.46   2.0   30.91759
0.47   2.0   30.87104
0.48   2.0   30.82351
0.49   2.0   30.775
0.5   2.0   30.72551
0.51   2.0   30.67504
0.52   2.0   30.62359
0.53   2.0   30.57116
0.54   2.0   30.51775
0.55   2.0   30.46336
0.56   2.0   30.40799
0.57   2.0   30.35164
0.58   2.0   30.29431
0.59   2.0   30.236
0.6   2.0   30.17671
0.61   2.0   30.11644
0.62   2.0   30.05519
0.63   2.0   29.99296
0.64   2.01173588543   30.013043649
0.65   2.01222877565   30.0130040823
0.66   2.01282790181   30.0126581563
0.67   2.01363945536   30.0121896054
0.68   2.01466352152   30.0115983694
0.69   2.01590019036   30.0108843961
0.7   2.01734955198   30.0100476336
0.71   2.01901169647   30.0090880299
0.72   2.02088671396   30.0080055329
0.73   2.02297469457   30.0068000906
0.74   2.02527572843   30.005471651
0.75   2.02778990571   30.004020162
0.76   2.03051731656   30.0024455716
0.77   2.03345805117   30.0007478277
0.78   2.03661219971   29.9989268783
0.79   2.03997985238   29.9969826712
0.8   2.04356109941   29.9949151544
0.81   2.04735603101   29.9927242759
0.82   2.05136473741   29.9904099834
0.83   2.05558730887   29.987972225
0.84   2.06002383565   29.9854109484
0.85   2.064674408   29.9827261017
0.86   2.06953911622   29.9799176326
0.87   2.0746180506   29.9769854891
0.88   2.07991130143   29.973929619
0.89   2.08541895905   29.9707499702
0.9   2.09114111377   29.9674464905
0.91   2.09707785593   29.9640191277
0.92   2.10322927588   29.9604678298
0.93   2.10959546399   29.9567925446
0.94   2.11617651061   29.9529932198
0.95   2.12297250614   29.9490698033
0.96   2.12998354097   29.9450222429
0.97   2.1372097055   29.9408504865
0.98   2.14465109015   29.9365544817
0.99   2.15230778534   29.9321341765
1.0   2.16017988151   29.9275895186
1.01   2.1682674691   29.9229204558
1.02   2.17657063858   29.9181269359
1.03   2.1850894804   29.9132089067
1.04   2.19382408505   29.9081663158
1.05   2.20277454301   29.9029991111
1.06   2.21194094479   29.8977072404
1.07   2.22132338089   29.8922906513
1.08   2.23092194184   29.8867492917
1.09   2.24073671815   29.8810831092
1.1   2.25076780037   29.8752920516
1.11   2.26101527905   29.8693760666
1.12   2.27147924474   29.863335102
1.13   2.28215978802   29.8571691054
1.14   2.29305699946   29.8508780245
1.15   2.30417096965   29.8444618071
1.16   2.31550178919   29.8379204009
1.17   2.32704954868   29.8312537535
1.18   2.33881433874   29.8244618127
1.19   2.35079625   29.8175445261
1.2   2.36299537309   29.8105018414
1.21   2.37541179866   29.8033337062
1.22   2.38804561735   29.7960400683
1.23   2.40089691984   29.7886208752
1.24   2.41396579679   29.7810760747
1.25   2.42725233889   29.7734056144
1.26   2.44075663682   29.765609442
1.27   2.45447878129   29.757687505
1.28   2.468418863   29.7496397511
1.29   2.48257697266   29.7414661279
1.3   2.49695320101   29.7331665831
1.31   2.51154763878   29.7247410643
1.32   2.5263603767   29.7161895191
1.33   2.54139150553   29.7075118951
1.34   2.55664111603   29.6987081399
1.35   2.57210929896   29.6897782011
1.36   2.5877961451   29.6807220263
1.37   2.60370174524   29.6715395631
1.38   2.61982619017   29.662230759
1.39   2.63616957068   29.6527955617
1.4   2.65273197758   29.6432339188
1.41   2.6695135017   29.6335457777
1.42   2.68651423385   29.6237310862
1.43   2.70373426487   29.6137897916
1.44   2.7211736856   29.6037218417
1.45   2.73883258688   29.5935271838
1.46   2.75671105956   29.5832057657
1.47   2.77480919452   29.5727575348
1.48   2.79312708262   29.5621824387
1.49   2.81166481473   29.5514804249
1.5   2.83042248175   29.540651441
1.51   2.84940017456   29.5296954344
1.52   2.86859798406   29.5186123527
1.53   2.88801600116   29.5074021434
1.54   2.90765431677   29.496064754
1.55   2.92751302182   29.4846001321
1.56   2.94759220722   29.4730082252
1.57   2.96789196392   29.4612889806
1.58   2.98841238285   29.4494423461
1.59   3.00915355496   29.4374682689
1.6   3.03011557121   29.4253666968
1.61   3.05129852255   29.413137577
1.62   3.07270249996   29.4007808571
1.63   3.0943275944   29.3882964847
1.64   3.11617389686   29.3756844071
1.65   3.13824149832   29.3629445718
1.66   3.16053048978   29.3500769263
1.67   3.18304096223   29.3370814181
1.68   3.20577300668   29.3239579947
1.69   3.22872671414   29.3107066034
1.7   3.25190217562   29.2973271918
1.71   3.27529948216   29.2838197073
1.72   3.29891872477   29.2701840973
1.73   3.32275999449   29.2564203093
1.74   3.34682338236   29.2425282908
1.75   3.37110897943   29.2285079891
1.76   3.39561687674   29.2143593518
1.77   3.42034716536   29.2000823262
1.78   3.44529993634   29.1856768597
1.79   3.47047528075   29.1711428999
1.8   3.49587328966   29.1564803941
1.81   3.52149405416   29.1416892897
1.82   3.54733766532   29.1267695342
1.83   3.57340421423   29.111721075
1.84   3.59969379198   29.0965438594
1.85   3.62620648967   29.0812378349
1.86   3.65294239841   29.065802949
1.87   3.67990160929   29.0502391489
1.88   3.70708421343   29.0345463822
1.89   3.73449030195   29.0187245962
1.9   3.76211996597   29.0027737382
1.91   3.78997329661   28.9866937558
1.92   3.81805038499   28.9704845962
1.93   3.84635132226   28.9541462069
1.94   3.87487619956   28.9376785353
1.95   3.90362510801   28.9210815287
1.96   3.93259813878   28.9043551345
1.97   3.96179538301   28.8874993001
1.98   3.99121693184   28.8705139729
1.99   4.02086287645   28.8533991002
2.0   4.050733308   28.8361546295
2.01   4.08082831764   28.818780508
2.02   4.11114799654   28.8012766832
2.03   4.14169243589   28.7836431025
2.04   4.17246172685   28.7658797131
2.05   4.2034559606   28.7479864624
2.06   4.23467522833   28.7299632979
2.07   4.26611962122   28.7118101668
2.08   4.29778923046   28.6935270166
2.09   4.32968414725   28.6751137945
2.1   4.36180446277   28.656570448
2.11   4.39415026823   28.6378969243
2.12   4.42672165483   28.6190931709
2.13   4.45951871377   28.600159135
2.14   4.49254153625   28.5810947641
2.15   4.52579021349   28.5619000054
2.16   4.5592648367   28.5425748063
2.17   4.59296549709   28.5231191142
2.18   4.62689228588   28.5035328763
2.19   4.66104529429   28.4838160401
2.2   4.69542461353   28.4639685529
2.21   4.73003033484   28.4439903619
2.22   4.76486254943   28.4238814146
2.23   4.79992134854   28.4036416583
2.24   4.8352068234   28.3832710402
2.25   4.87071906523   28.3627695078
2.26   4.90645816527   28.3421370084
2.27   4.94242421476   28.3213734892
2.28   4.97861730492   28.3004788977
2.29   5.01503752701   28.2794531811
2.3   5.05168497225   28.2582962868
2.31   5.08855973189   28.2370081621
2.32   5.12566189718   28.2155887543
2.33   5.16299155935   28.1940380108
2.34   5.20054880966   28.1723558788
2.35   5.23833373934   28.1505423057
2.36   5.27634643964   28.1285972389
2.37   5.31458700182   28.1065206256
2.38   5.35305551712   28.0843124131
2.39   5.39175207679   28.0619725489
2.4   5.43067677208   28.0395009801
2.41   5.46982969425   28.0168976542
2.42   5.50921093454   27.9941625184
2.43   5.5488205842   27.97129552
2.44   5.5886587345   27.9482966065
2.45   5.62872547668   27.925165725
2.46   5.66902090199   27.901902823
2.47   5.7095451017   27.8785078477
2.48   5.75029816705   27.8549807464
2.49   5.79128018929   27.8313214666
2.5   5.83249125968   27.8075299554
2.51   5.87393146948   27.7836061602
2.52   5.91560090993   27.7595500284
2.53   5.9574996723   27.7353615072
2.54   5.99962784782   27.711040544
2.55   6.04198552776   27.6865870861
2.56   6.08457280337   27.6620010807
2.57   6.12738976589   27.6372824753
2.58   6.17043650657   27.6124312172
2.59   6.21371311668   27.5874472536
2.6   6.25721968745   27.5623305319
2.61   6.30095631013   27.5370809995
2.62   6.34492307597   27.5116986035
2.63   6.38912007621   27.4861832914
2.64   6.43354740211   27.4605350106
2.65   6.47820514489   27.4347537082
2.66   6.52309339581   27.4088393316
2.67   6.56821224611   27.3827918282
2.68   6.61356178702   27.3566111453
2.69   6.65914210978   27.3302972302
2.7   6.70495330562   27.3038500303
2.71   6.75099546579   27.2772694928
2.72   6.79726868151   27.2505555651
2.73   6.84377304401   27.2237081946
2.74   6.89050864452   27.1967273285
2.75   6.93747557428   27.1696129142
2.76   6.98467392449   27.1423648991
2.77   7.03210378638   27.1149832304
2.78   7.07976525118   27.0874678556
2.79   7.1276584101   27.0598187219
2.8   7.17578335435   27.0320357767
2.81   7.22414017515   27.0041189673
2.82   7.27272896371   26.9760682412
2.83   7.32154981123   26.9478835455
2.84   7.37060280892   26.9195648277
2.85   7.41988804797   26.8911120352
2.86   7.46940561959   26.8625251152
2.87   7.51915561498   26.8338040151
2.88   7.56913812531   26.8049486824
2.89   7.61935324179   26.7759590642
2.9   7.6698010556   26.7468351081
2.91   7.72048165791   26.7175767613
2.92   7.77139513992   26.6881839712
2.93   7.82254159278   26.6586566852
2.94   7.87392110769   26.6289948507
2.95   7.92553377579   26.599198415
2.96   7.97737968826   26.5692673254
2.97   8.02945893626   26.5392015294
2.98   8.08177161095   26.5090009743
2.99   8.13431780346   26.4786656076
3.0   8.18709760496   26.4481953765
3.01   8.24011110659   26.4175902285
3.02   8.29335839948   26.386850111
3.03   8.34683957477   26.3559749713
3.04   8.4005547236   26.3249647568
3.05   8.45450393708   26.293819415
3.06   8.50868730634   26.2625388931
3.07   8.5631049225   26.2311231387
3.08   8.61775687667   26.1995720991
3.09   8.67264325995   26.1678857218
3.1   8.72776416345   26.136063954
3.11   8.78311967826   26.1041067433
3.12   8.83870989548   26.072014037
3.13   8.89453490619   26.0397857826
3.14   8.95059480147   26.0074219275
3.15   9.0068896724   25.9749224191
3.16   9.06341961006   25.9422872048
3.17   9.1201847055   25.909516232
3.18   9.17718504978   25.8766094483
3.19   9.23442073396   25.8435668009
3.2   9.29189184908   25.8103882374
3.21   9.3495984862   25.7770737052
3.22   9.40754073633   25.7436231518
3.23   9.46571869052   25.7100365245
3.24   9.52413243978   25.6763137709
3.25   9.58278207514   25.6424548383
3.26   9.6416676876   25.6084596744
3.27   9.70078936817   25.5743282264
3.28   9.76014720785   25.5400604419
3.29   9.81974129763   25.5056562684
3.3   9.87957172849   25.4711156533
3.31   9.9396385914   25.4364385441
3.32   9.99994197736   25.4016248883
3.33   10.0604819773   25.3666746333
3.34   10.1212586822   25.3315877267
3.35   10.182272183   25.296364116
3.36   10.2435225707   25.2610037486
3.37   10.3050099361   25.2255065721
3.38   10.3667343702   25.1898725339
3.39   10.428695964   25.1541015816
3.4   10.4908948083   25.1181936627
3.41   10.5533309941   25.0821487247
3.42   10.6160046122   25.0459667152
3.43   10.6789157535   25.0096475816
3.44   10.742064509   24.9731912714
3.45   10.8054509694   24.9365977323
3.46   10.8690752258   24.8998669118
3.47   10.9329373688   24.8629987574
3.48   10.9970374894   24.8259932167
3.49   11.0613756784   24.7888502372
3.5   11.1259520266   24.7515697665
3.51   11.1907666249   24.7141517522
3.52   11.2558195641   24.6765961417
3.53   11.321110935   24.6389028828
3.54   11.3866408284   24.601071923
3.55   11.452409335   24.5631032098
3.56   11.5184165457   24.5249966909
3.57   11.5846625512   24.4867523139
3.58   11.6511474423   24.4483700263
3.59   11.7178713097   24.4098497758
3.6   11.7848342442   24.37119151
3.61   11.8520363366   24.3323951765
3.62   11.9194776774   24.2934607229
3.63   11.9871583576   24.2543880968
3.64   12.0550784677   24.215177246
3.65   12.1232380984   24.175828118
3.66   12.1916373405   24.1363406605
3.67   12.2602762847   24.0967148211
3.68   12.3291550215   24.0569505474
3.69   12.3982736416   24.0170477873
3.7   12.4676322358   23.9770064882
3.71   12.5372308945   23.936826598
3.72   12.6070697085   23.8965080642
3.73   12.6771487684   23.8560508346
3.74   12.7474681647   23.8154548569
3.75   12.8180279881   23.7747200787
3.76   12.8888283291   23.7338464478
3.77   12.9598692784   23.6928339119
3.78   13.0311509264   23.6516824186
3.79   13.1026733637   23.6103919158
3.8   13.1744366809   23.5689623512
3.81   13.2464409685   23.5273936724
3.82   13.318686317   23.4856858273
3.83   13.3911728169   23.4438387636
3.84   13.4639005587   23.401852429
3.85   13.5368696328   23.3597267713
3.86   13.6100801299   23.3174617383
3.87   13.6835321402   23.2750572777
3.88   13.7572257543   23.2325133374
3.89   13.8311610625   23.1898298652
3.9   13.9053381554   23.1470068087
3.91   13.9797571233   23.1040441159
3.92   14.0544180567   23.0609417346
3.93   14.1293210458   23.0176996125
3.94   14.2044661811   22.9743176976
3.95   14.279853553   22.9307959375
3.96   14.3554832517   22.8871342803
3.97   14.4313553677   22.8433326736
3.98   14.5074699912   22.7993910655
3.99   14.5838272126   22.7553094037
4.0   14.6604271221   22.7110876361
4.01   14.73726981   22.6667257105
4.02   14.8143553667   22.622223575
4.03   14.8916838823   22.5775811774
4.04   14.9692554471   22.5327984655
4.05   15.0470701514   22.4878753873
4.06   15.1251280853   22.4428118906
4.07   15.2034293391   22.3976079236
4.08   15.2819740029   22.3522634339
4.09   15.360762167   22.3067783697
4.1   15.4397939214   22.2611526788
4.11   15.5190693564   22.2153863092
4.12   15.5985885621   22.1694792089
4.13   15.6783516285   22.1234313258
4.14   15.7583586459   22.077242608
4.15   15.8386097042   22.0309130033
4.16   15.9191048936   21.9844424599
4.17   15.9998443041   21.9378309257
4.18   16.0808280258   21.8910783487
4.19   16.1620561487   21.8441846769
4.2   16.2435287629   21.7971498585
4.21   16.3252459582   21.7499738413
4.22   16.4072078248   21.7026565735
4.23   16.4894144526   21.6551980032
4.24   16.5718659315   21.6075980784
4.25   16.6545623516   21.5598567471
4.26   16.7375038026   21.5119739575
4.27   16.8206903746   21.4639496576
4.28   16.9041221574   21.4157837956
4.29   16.987799241   21.3674763196
4.3   17.0717217151   21.3190271776
4.31   17.1558896696   21.2704363178
4.32   17.2403031944   21.2217036884
4.33   17.3249623793   21.1728292375
4.34   17.409867314   21.1238129133
4.35   17.4950180885   21.0746546638
4.36   17.5804147923   21.0253544374
4.37   17.6660575154   20.9759121821
4.38   17.7519463473   20.9263278462
4.39   17.8380813779   20.8766013779
4.4   17.9244626969   20.8267327254
4.41   18.0110903939   20.7767218369
4.42   18.0979645586   20.7265686607
4.43   18.1850852806   20.676273145
4.44   18.2724526496   20.625835238
4.45   18.3600667553   20.575254888
4.46   18.4479276871   20.5245320433
4.47   18.5360355347   20.4736666521
4.48   18.6243903877   20.4226586628
4.49   18.7129923356   20.3715080237
4.5   18.8018414679   20.3202146831
4.51   18.8909378741   20.2687785892
4.52   18.9802816438   20.2171996905
4.53   19.0698728664   20.1654779353
4.54   19.1597116314   20.1136132719
4.55   19.2497980282   20.0616056487
4.56   19.3401321463   20.0094550141
4.57   19.430714075   19.9571613164
4.58   19.5215439037   19.9047245041
4.59   19.6126217218   19.8521445255
4.6   19.7039476187   19.7994213291
4.61   19.7955216837   19.7465548634
4.62   19.887344006   19.6935450767
4.63   19.979414675   19.6403919174
4.64   20.07173378   19.5870953342
4.65   20.1643014102   19.5336552754
4.66   20.2571176548   19.4800716895
4.67   20.3501826031   19.426344525
4.68   20.4434963443   19.3724737304
4.69   20.5370589675   19.3184592543
4.7   20.6308705618   19.2643010451
4.71   20.7249312165   19.2099990515
4.72   20.8192410207   19.1555532219
4.73   20.9138000634   19.1009635049
4.74   21.0086084338   19.0462298491
4.75   21.1036662208   18.9913522031
4.76   21.1989735135   18.9363305154
4.77   21.294530401   18.8811647348
4.78   21.3903369722   18.8258548098
4.79   21.4863933162   18.770400689
4.8   21.5826995218   18.714802321
4.81   21.679255678   18.6590596547
4.82   21.7760618737   18.6031726385
4.83   21.8731181979   18.5471412212
4.84   21.9704247393   18.4909653515
4.85   22.0679815869   18.4346449781
4.86   22.1657888295   18.3781800497
4.87   22.2638465559   18.3215705151
4.88   22.3621548548   18.2648163229
4.89   22.4607138151   18.2079174219
4.9   22.5595235255   18.1508737609
4.91   22.6585840747   18.0936852887
4.92   22.7578955514   18.0363519541
4.93   22.8574580443   17.9788737058
4.94   22.957271642   17.9212504927
4.95   23.0573364333   17.8634822637
4.96   23.1576525067   17.8055689675
4.97   23.2582199507   17.747510553
4.98   23.3590388541   17.689306969
4.99   23.4601093052   17.6309581646
5.0   23.5614313927   17.5724640885
5.01   23.6630052051   17.5138246896
5.02   23.7648308308   17.4550399169
5.03   23.8669083583   17.3961097194
5.04   23.969237876   17.3370340459
5.05   24.0718194723   17.2778128454
5.06   24.1746532357   17.2184460668
5.07   24.2777392544   17.1589336593
5.08   24.3810776169   17.0992755717
5.09   24.4846684114   17.0394717532
5.1   24.5885117263   16.9795221526
5.11   24.6926076498   16.9194267191
5.12   24.7969562701   16.8591854017
5.13   24.9015576756   16.7987981495
5.14   25.0064119543   16.7382649115
5.15   25.1115191946   16.6775856368
5.16   25.2168794844   16.6167602747
5.17   25.322492912   16.5557887741
5.18   25.4283595654   16.4946710842
5.19   25.5344795328   16.4334071542
5.2   25.6408529021   16.3719969332
5.21   25.7474797615   16.3104403705
5.22   25.8543601989   16.2487374151
5.23   25.9614943024   16.1868880163
5.24   26.0688821597   16.1248921234
5.25   26.176523859   16.0627496856
5.26   26.2844194881   16.0004606521
5.27   26.3925691349   15.9380249721
5.28   26.5009728872   15.8754425951
5.29   26.6096308328   15.8127134702
5.3   26.7185430597   15.7498375467
5.31   26.8277096555   15.6868147741
5.32   26.937130708   15.6236451016
5.33   27.046806305   15.5603284786
5.34   27.1567365341   15.4968648544
5.35   27.2669214831   15.4332541785
5.36   27.3773612395   15.3694964002
5.37   27.488055891   15.305591469
5.38   27.5990055252   15.2415393342
5.39   27.7102102296   15.1773399454
5.4   27.8216700919   15.1129932519
5.41   27.9333851995   15.0484992034
5.42   28.0453556399   14.9838577491
5.43   28.1575815006   14.9190688387
5.44   28.2700628691   14.8541324217
5.45   28.3827998327   14.7890484476
5.46   28.4957924788   14.723816866
5.47   28.6090408948   14.6584376263
5.48   28.722545168   14.5929106783
5.49   28.8363053857   14.5272359715
5.5   28.9503216352   14.4614134556
5.51   29.0645940038   14.3954430801
5.52   29.1791225786   14.3293247947
5.53   29.2939074469   14.263058549
5.54   29.4089486958   14.1966442928
5.55   29.5242464125   14.1300819758
5.56   29.639800684   14.0633715476
5.57   29.7556115975   13.996512958
5.58   29.8716792399   13.9295061567
5.59   29.9880036984   13.8623510935
5.6   30.1045850599   13.7950477182
5.61   30.2214234115   13.7275959805
5.62   30.3385188399   13.6599958302
5.63   30.4558714322   13.5922472173
5.64   30.5734812752   13.5243500915
5.65   30.6913484557   13.4563044027
5.66   30.8094730607   13.3881101007
5.67   30.9278551769   13.3197671355
5.68   31.046494891   13.251275457
5.69   31.1653922898   13.1826350151
5.7   31.28454746   13.1138457597
5.71   31.4039604882   13.0449076408
5.72   31.5236314612   12.9758206084
5.73   31.6435604656   12.9065846125
5.74   31.7637475878   12.8371996031
5.75   31.8841929146   12.7676655301
5.76   32.0048965323   12.6979823438
5.77   32.1258585276   12.628149994
5.78   32.2470789868   12.558168431
5.79   32.3685579965   12.4880376048
5.8   32.4902956429   12.4177574655
5.81   32.6122920126   12.3473279633
5.82   32.7345471918   12.2767490483
5.83   32.8570612669   12.2060206707
5.84   32.9798343241   12.1351427806
5.85   33.1028664496   12.0641153283
5.86   33.2261577299   11.992938264
5.87   33.3497082509   11.921611538
5.88   33.4735180988   11.8501351004
5.89   33.5975873599   11.7785089017
5.9   33.7219161201   11.706732892
5.91   33.8465044656   11.6348070217
5.92   33.9713524824   11.5627312411
5.93   34.0964602565   11.4905055006
5.94   34.2218278739   11.4181297505
5.95   34.3474554204   11.3456039413
5.96   34.473342982   11.2729280233
5.97   34.5994906446   11.2001019469
5.98   34.7258984941   11.1271256626
5.99   34.8525666161   11.0539991209
6.0   34.9794950966   10.9807222723
6.01   35.1066840212   10.9072950672
6.02   35.2341334757   10.8337174561
6.03   35.3618435457   10.7599893897
6.04   35.4898143168   10.6861108184
6.05   35.6180458748   10.6120816928
6.06   35.7465383052   10.5379019636
6.07   35.8752916935   10.4635715813
6.08   36.0043061252   10.3890904965
6.09   36.1335816858   10.31445866
6.1   36.2631184608   10.2396760223
6.11   36.3929165356   10.1647425343
6.12   36.5229759955   10.0896581465
6.13   36.653296926   10.0144228098
6.14   36.7838794122   9.9390364748
6.15   36.9147235396   9.86349909236
6.16   37.0458293933   9.78781061325
6.17   37.1771970585   9.71197098826
6.18   37.3088266204   9.63598016824
6.19   37.4407181642   9.55983810402
6.2   37.572871775   9.48354474648
6.21   37.7052875378   9.4071000465
6.22   37.8379655377   9.33050395499
6.23   37.9709058597   9.25375642288
6.24   38.1041085887   9.17685740111
6.25   38.2375738098   9.09980684065
6.26   38.3713016076   9.0226046925
6.27   38.5052920673   8.94525090765
6.28   38.6395452735   8.86774543713
6.29   38.7740613111   8.790088232
6.3   38.9088402647   8.71227924333
6.31   39.0438822193   8.63431842219
6.32   39.1791872593   8.55620571972
6.33   39.3147554695   8.47794108703
6.34   39.4505869346   8.39952447528
6.35   39.5866817389   8.32095583564
6.36   39.7230399672   8.2422351193
6.37   39.8596617039   8.16336227748
6.38   39.9965470335   8.08433726141
6.39   40.1336960404   8.00516002236
6.4   40.271108809   7.92583051159
6.41   40.4087854237   7.84634868041
6.42   40.5467259688   7.76671448013
6.43   40.6849305285   7.6869278621
6.44   40.8233991872   7.60698877768
6.45   40.9621320291   7.52689717825
6.46   41.1011291382   7.44665301521
6.47   41.2403905988   7.36625624
6.48   41.379916495   7.28570680406
6.49   41.5197069108   7.20500465886
6.5   41.6597619302   7.12414975589
6.51   41.8000816373   7.04314204667
6.52   41.9406661159   6.96198148273
6.53   42.0815154501   6.88066801562
6.54   42.2226297236   6.79920159692
6.55   42.3640090204   6.71758217824
6.56   42.5056534241   6.63580971119
6.57   42.6475630187   6.55388414742
6.58   42.7897378877   6.4718054386
6.59   42.9321781149   6.38957353641
6.6   43.0748837839   6.30718839257
6.61   43.2178549784   6.22464995881
6.62   43.3610917819   6.14195818688
6.63   43.5045942779   6.05911302856
6.64   43.6483625499   5.97611443565
6.65   43.7923966814   5.89296235997
6.66   43.9366967558   5.80965675337
6.67   44.0812628564   5.72619756772
6.68   44.2260950666   5.64258475491
6.69   44.3711934698   5.55881826684
6.7   44.516558149   5.47489805547
6.71   44.6621891877   5.39082407273
6.72   44.8080866689   5.30659627063
6.73   44.9542506757   5.22221460115
6.74   45.1006812913   5.13767901633
6.75   45.2473785988   5.05298946823
6.76   45.3943426811   4.9681459089
6.77   45.5415736212   4.88314829046
6.78   45.689071502   4.79799656502
6.79   45.8368364066   4.71269068472
6.8   45.9848684176   4.62723060174
6.81   46.133167618   4.54161626825
6.82   46.2817340904   4.45584763649
6.83   46.4305679177   4.36992465868
6.84   46.5796691825   4.28384728708
6.85   46.7290379675   4.19761547398
6.86   46.8786743552   4.11122917169
6.87   47.0285784283   4.02468833255
6.88   47.1787502693   3.9379929089
6.89   47.3291899607   3.85114285312
6.9   47.4798975848   3.76413811763
6.91   47.6308732242   3.67697865485
6.92   47.7821169612   3.58966441722
6.93   47.933628878   3.50219535724
6.94   48.085409057   3.41457142739
6.95   48.2374575805   3.3267925802
6.96   48.3897745305   3.23885876823
6.97   48.5423599893   3.15076994404
6.98   48.695214039   3.06252606023
6.99   48.8483367615   2.97412706942
7.0   49.0017282391   2.88557292427
7.01   49.1553885536   2.79686357743
7.02   49.3093177869   2.70799898162
7.03   49.4635160211   2.61897908954
7.04   49.6179833378   2.52980385394
7.05   49.772719819   2.4404732276
7.06   49.9277255465   2.35098716331
7.07   50.0830006018   2.26134561388
7.08   50.2385450668   2.17154853217
7.09   50.394359023   2.08159587104
7.1   50.550442552   1.99148758339
7.11   50.7067957354   1.90122362213
7.12   50.8634186548   1.81080394022
7.13   51.0203113915   1.72022849063
7.14   51.177474027   1.62949722634
7.15   51.3349066427   1.53861010038
7.16   51.4926093198   1.4475670658
7.17   51.6505821397   1.35636807568
7.18   51.8088251837   1.26501308309
7.19   51.9673385329   1.17350204118
7.2   52.1261222684   1.0818349031
7.21   52.2851764714   0.990011622
7.22   52.444501223   0.898032151101
7.23   52.6040966042   0.805896443624
7.24   52.7640404967   0.713426643494
7.25   52.9239843892   0.619976843364
7.26   53.0839282817   0.525547043234
7.27   53.2438721742   0.430137243104
7.28   53.4038160667   0.333747442974
7.29   53.5637599593   0.236377642844
7.3   53.7237038518   0.138027842714
7.31   53.8836477443   0.0386980425837
7.32   54.0435916368   -0.0616117575463
7.33   54.2035355293   -0.162901557676
7.34   54.3634794218   -0.265171357806
7.35   54.5234233144   -0.368421157936
7.36   54.6833672069   -0.472650958067
7.37   54.8433110994   -0.577860758197
7.38   55.0032549919   -0.684050558327
7.39   55.1631988844   -0.791220358457
7.4   55.3231427769   -0.899370158587
7.41   55.4830866695   -1.00849995872
7.42   55.643030562   -1.11860975885
7.43   55.8029744545   -1.22969955898
7.44   55.962918347   -1.34176935911
7.45   56.1228622395   -1.45481915924
7.46   56.282806132   -1.56884895937
7.47   56.4427500245   -1.6838587595
7.48   56.6026939171   -1.79984855963
7.49   56.7626378096   -1.91681835976
7.5   56.9225817021   -2.03476815989
7.51   57.0825255946   -2.15369796002
7.52   57.2424694871   -2.27360776015
7.53   57.4024133796   -2.39449756028
7.54   57.5623572722   -2.51636736041
7.55   57.7223011647   -2.63921716054
7.56   57.8822450572   -2.76304696067
7.57   58.0421889497   -2.8878567608
7.58   58.2021328422   -3.01364656093
7.59   58.3620767347   -3.14041636106
7.6   58.5220206272   -3.26816616119
7.61   58.6819645198   -3.39689596132
7.62   58.8419084123   -3.52660576145
7.63   59.0018523048   -3.65729556158
7.64   59.1617961973   -3.78896536171
7.65   59.3217400898   -3.92161516184
7.66   59.4816839823   -4.05524496197
7.67   59.6416278749   -4.1898547621
7.68   59.8015717674   -4.32544456223
7.69   59.9615156599   -4.46201436236
7.7   60.1214595524   -4.59956416249
7.71   60.2814034449   -4.73809396262
7.72   60.4413473374   -4.87760376275
7.73   60.6012912299   -5.01809356288
7.74   60.7612351225   -5.15956336301
7.75   60.921179015   -5.30201316314
7.76   61.0811229075   -5.44544296327
7.77   61.2410668   -5.5898527634
7.78   61.4010106925   -5.73524256353
7.79   61.560954585   -5.88161236366
7.8   61.7208984776   -6.02896216379
7.81   61.8808423701   -6.17729196392
7.82   62.0407862626   -6.32660176405
7.83   62.2007301551   -6.47689156418
7.84   62.3606740476   -6.62816136431
7.85   62.5206179401   -6.78041116444
7.86   62.6805618326   -6.93364096457
7.87   62.8405057252   -7.0878507647
7.88   63.0004496177   -7.24304056483
7.89   63.1603935102   -7.39921036496
7.9   63.3203374027   -7.55636016509
7.91   63.4802812952   -7.71448996522
7.92   63.6402251877   -7.87359976535
7.93   63.8001690803   -8.03368956548
7.94   63.9601129728   -8.19475936561
7.95   64.1200568653   -8.35680916574
7.96   64.2800007578   -8.51983896587
7.97   64.4399446503   -8.683848766
7.98   64.5998885428   -8.84883856613
7.99   64.7598324353   -9.01480836626
8.0   64.9197763279   -9.18175816639
8.01   65.0797202204   -9.34968796652
8.02   65.2396641129   -9.51859776665
8.03   65.3996080054   -9.68848756678
8.04   65.5595518979   -9.85935736691
8.05   65.7194957904   -10.031207167
8.06   65.879439683   -10.2040369672
8.07   66.0393835755   -10.3778467673
8.08   66.199327468   -10.5526365674
8.09   66.3592713605   -10.7284063676
8.1   66.519215253   -10.9051561677
8.11   66.6791591455   -11.0828859678
8.12   66.839103038   -11.261595768
8.13   66.9990469306   -11.4412855681
8.14   67.1589908231   -11.6219553682
8.15   67.3189347156   -11.8036051683
8.16   67.4788786081   -11.9862349685
8.17   67.6388225006   -12.1698447686
8.18   67.7987663931   -12.3544345687
8.19   67.9587102857   -12.5400043689
8.2   68.1186541782   -12.726554169
8.21   68.2785980707   -12.9140839691
8.22   68.4385419632   -13.1025937693
8.23   68.5984858557   -13.2920835694
8.24   68.7584297482   -13.4825533695
8.25   68.9183736407   -13.6740031696
8.26   69.0783175333   -13.8664329698
8.27   69.2382614258   -14.0598427699
8.28   69.3982053183   -14.25423257
8.29   69.5581492108   -14.4496023702
8.3   69.7180931033   -14.6459521703
8.31   69.8780369958   -14.8432819704
8.32   70.0379808884   -15.0415917706
8.33   70.1979247809   -15.2408815707
8.34   70.3578686734   -15.4411513708
8.35   70.5178125659   -15.6424011709
8.36   70.6777564584   -15.8446309711
8.37   70.8377003509   -16.0478407712
8.38   70.9976442434   -16.2520305713
8.39   71.157588136   -16.4572003715
8.4   71.3175320285   -16.6633501716
8.41   71.477475921   -16.8704799717
8.42   71.6374198135   -17.0785897719
8.43   71.797363706   -17.287679572
8.44   71.9573075985   -17.4977493721
8.45   72.1172514911   -17.7087991722
8.46   72.2771953836   -17.9208289724
8.47   72.4371392761   -18.1338387725
8.48   72.5970831686   -18.3478285726
8.49   72.7570270611   -18.5627983728
8.5   72.9169709536   -18.7787481729
8.51   73.0769148461   -18.995677973
8.52   73.2368587387   -19.2135877732
8.53   73.3968026312   -19.4324775733
8.54   73.5567465237   -19.6523473734
8.55   73.7166904162   -19.8731971735
8.56   73.8766343087   -20.0950269737
8.57   74.0365782012   -20.3178367738
8.58   74.1965220938   -20.5416265739
8.59   74.3564659863   -20.7663963741
8.6   74.5164098788   -20.9921461742
8.61   74.6763537713   -21.2188759743
8.62   74.8362976638   -21.4465857745
8.63   74.9962415563   -21.6752755746
8.64   75.1561854488   -21.9049453747
8.65   75.3161293414   -22.1355951748
8.66   75.4760732339   -22.367224975
8.67   75.6360171264   -22.5998347751
8.68   75.7959610189   -22.8334245752
8.69   75.9559049114   -23.0679943754
8.7   76.1158488039   -23.3035441755
8.71   76.2757926965   -23.5400739756
8.72   76.435736589   -23.7775837758
8.73   76.5956804815   -24.0160735759
8.74   76.755624374   -24.255543376
8.75   76.9155682665   -24.4959931761
8.76   77.075512159   -24.7374229763
8.77   77.2354560515   -24.9798327764
8.78   77.3953999441   -25.2232225765
8.79   77.5553438366   -25.4675923767
8.8   77.7152877291   -25.7129421768
8.81   77.8752316216   -25.9592719769
8.82   78.0351755141   -26.2065817771
8.83   78.1951194066   -26.4548715772
8.84   78.3550632992   -26.7041413773
8.85   78.5150071917   -26.9543911774
8.86   78.6749510842   -27.2056209776
8.87   78.8348949767   -27.4578307777
8.88   78.9948388692   -27.7110205778
8.89   79.1547827617   -27.965190378
8.9   79.3147266542   -28.2203401781
8.91   79.4746705468   -28.4764699782
8.92   79.6346144393   -28.7335797784
8.93   79.7945583318   -28.9916695785
8.94   79.9545022243   -29.2507393786
8.95   80.1144461168   -29.5107891787
8.96   80.2743900093   -29.7718189789
8.97   80.4343339019   -30.033828779
8.98   80.5942777944   -30.2968185791
8.99   80.7542216869   -30.5607883793
9.0   80.9141655794   -30.8257381794
9.01   81.0741094719   -31.0916679795
9.02   81.2340533644   -31.3585777797
9.03   81.3939972569   -31.6264675798
9.04   81.5539411495   -31.8953373799
9.05   81.713885042   -32.16518718
9.06   81.8738289345   -32.4360169802
9.07   82.033772827   -32.7078267803
9.08   82.1937167195   -32.9806165804
9.09   82.353660612   -33.2543863806
9.1   82.5136045046   -33.5291361807
9.11   82.6735483971   -33.8048659808
9.12   82.8334922896   -34.081575781
9.13   82.9934361821   -34.3592655811
9.14   83.1533800746   -34.6379353812
9.15   83.3133239671   -34.9175851813
9.16   83.4732678596   -35.1982149815
9.17   83.6332117522   -35.4798247816
9.18   83.7931556447   -35.7624145817
9.19   83.9530995372   -36.0459843819
9.2   84.1130434297   -36.330534182
9.21   84.2729873222   -36.6160639821
9.22   84.4329312147   -36.9025737823
9.23   84.5928751073   -37.1900635824
9.24   84.7528189998   -37.4785333825
9.25   84.9127628923   -37.7679831826
9.26   85.0727067848   -38.0584129828
9.27   85.2326506773   -38.3498227829
9.28   85.3925945698   -38.642212583
9.29   85.5525384623   -38.9355823832
9.3   85.7124823549   -39.2299321833
9.31   85.8724262474   -39.5252619834
9.32   86.0323701399   -39.8215717836
9.33   86.1923140324   -40.1188615837
9.34   86.3522579249   -40.4171313838
9.35   86.5122018174   -40.7163811839
9.36   86.67214571   -41.0166109841
9.37   86.8320896025   -41.3178207842
9.38   86.992033495   -41.6200105843
9.39   87.1519773875   -41.9231803845
9.4   87.31192128   -42.2273301846
9.41   87.4718651725   -42.5324599847
9.42   87.631809065   -42.8385697849
9.43   87.7917529576   -43.145659585
9.44   87.9516968501   -43.4537293851
9.45   88.1116407426   -43.7627791852
9.46   88.2715846351   -44.0728089854
9.47   88.4315285276   -44.3838187855
9.48   88.5914724201   -44.6958085856
9.49   88.7514163127   -45.0087783858
9.5   88.9113602052   -45.3227281859
9.51   89.0713040977   -45.637657986
9.52   89.2312479902   -45.9535677862
9.53   89.3911918827   -46.2704575863
9.54   89.5511357752   -46.5883273864
9.55   89.7110796677   -46.9071771865
9.56   89.8710235603   -47.2270069867
9.57   90.0309674528   -47.5478167868
9.58   90.1909113453   -47.8696065869
9.59   90.3508552378   -48.1923763871
9.6   90.5107991303   -48.5161261872
9.61   90.6707430228   -48.8408559873
9.62   90.8306869154   -49.1665657875
9.63   90.9906308079   -49.4932555876
9.64   91.1505747004   -49.8209253877
9.65   91.3105185929   -50.1495751878
9.66   91.4704624854   -50.479204988
9.67   91.6304063779   -50.8098147881
9.68   91.7903502704   -51.1414045882
9.69   91.950294163   -51.4739743884
9.7   92.1102380555   -51.8075241885
9.71   92.270181948   -52.1420539886
9.72   92.4301258405   -52.4775637888
9.73   92.590069733   -52.8140535889
9.74   92.7500136255   -53.151523389
9.75   92.9099575181   -53.4899731891
9.76   93.0699014106   -53.8294029893
9.77   93.2298453031   -54.1698127894
9.78   93.3897891956   -54.5112025895
9.79   93.5497330881   -54.8535723897
9.8   93.7096769806   -55.1969221898
9.81   93.8696208731   -55.5412519899
9.82   94.0295647657   -55.8865617901
9.83   94.1895086582   -56.2328515902
9.84   94.3494525507   -56.5801213903
9.85   94.5093964432   -56.9283711905
9.86   94.6693403357   -57.2776009906
9.87   94.8292842282   -57.6278107907
9.88   94.9892281208   -57.9790005908
9.89   95.1491720133   -58.331170391
9.9   95.3091159058   -58.6843201911
9.91   95.4690597983   -59.0384499912
9.92   95.6290036908   -59.3935597914
9.93   95.7889475833   -59.7496495915
9.94   95.9488914759   -60.1067193916
9.95   96.1088353684   -60.4647691918
9.96   96.2687792609   -60.8237989919
9.97   96.4287231534   -61.183808792
9.98   96.5886670459   -61.5447985921
9.99   96.7486109384   -61.9067683923
10.0   96.9085548309   -62.2697181924
