0   2.0   31.99951
0.01   2.0   31.99804
0.02   2.0   31.99559
0.03   2.0   31.99216
0.04   2.0   31.98775
0.05   2.0   31.98236
0.06   2.0   31.97599
0.07   2.0   31.96864
0.08   2.0   31.96031
0.09   2.0   31.951
0.1   2.0   31.94071
0.11   2.0   31.92944
0.12   2.0   31.91719
0.13   2.0   31.90396
0.14   2.0   31.88975
0.15   2.0   31.87456
0.16   2.0   31.85839
0.17   2.0   31.84124
0.18   2.0   31.82311
0.19   2.0   31.804
0.2   2.0   31.78391
0.21   2.0   31.76284
0.22   2.0   31.74079
0.23   2.0   31.71776
0.24   2.0   31.69375
0.25   2.0   31.66876
0.26   2.0   31.64279
0.27   2.0   31.61584
0.28   2.0   31.58791
0.29   2.0   31.559
0.3   2.0   31.52911
0.31   2.0   31.49824
0.32   2.0   31.46639
0.33   2.0   31.43356
0.34   2.0   31.39975
0.35   2.0   31.36496
0.36   2.0   31.32919
0.37   2.0   31.29244
0.38   2.0   31.25471
0.39   2.0   31.216
0.4   2.0   31.17631
0.41   2.0   31.13564
0.42   2.0   31.09399
0.43   2.0   31.05136
0.44   2.0   31.00775
0.45   2.0   30.96316
0.46   2.0   30.91759
0.47   2.0   30.87104
0.48   2.0   30.82351
0.49   2.0   30.775
0.5   2.0   30.72551
0.51   2.0   30.67504
0.52   2.0   30.62359
0.53   2.0   30.57116
0.54   2.0   30.51775
0.55   2.0   30.46336
0.56   2.0   30.40799
0.57   2.0   30.35164
0.58   2.0   30.29431
0.59   2.0   30.236
0.6   2.0   30.17671
0.61   2.0   30.11644
0.62   2.0   30.05519
0.63   2.0   29.99296
0.64   2.01173588543   30.013043649
0.65   2.0124257249   30.012890382
0.66   2.01343838024   30.0123056902
0.67   2.01488014718   30.0114732768
0.68   2.01675120407   30.0103930308
0.69   2.01905173271   30.0090648473
0.7   2.02178191483   30.0074886215
0.71   2.02494193218   30.0056642483
0.72   2.02853196643   30.0035916229
0.73   2.03255219927   30.0012706403
0.74   2.03700281231   29.9987011959
0.75   2.04188398718   29.9958831846
0.76   2.04719590544   29.9928165017
0.77   2.05293874864   29.9895010424
0.78   2.05911269828   29.9859367018
0.79   2.06571793585   29.9821233753
0.8   2.0727546428   29.978060958
0.81   2.08022300053   29.9737493453
0.82   2.08812319043   29.9691884324
0.83   2.09645539384   29.9643781146
0.84   2.10521979207   29.9593182872
0.85   2.11441656641   29.9540088457
0.86   2.12404589809   29.9484496853
0.87   2.13410796832   29.9426407015
0.88   2.14460295827   29.9365817896
0.89   2.15553104908   29.9302728451
0.9   2.16689242184   29.9237137635
0.91   2.17868725761   29.9169044402
0.92   2.19091573741   29.9098447707
0.93   2.20357804223   29.9025346506
0.94   2.21667435302   29.8949739753
0.95   2.23020485067   29.8871626404
0.96   2.24416971607   29.8791005416
0.97   2.25856913003   29.8707875743
0.98   2.27340327334   29.8622236344
0.99   2.28867232675   29.8534086173
1.0   2.30437647096   29.8443424188
1.01   2.32051588664   29.8350249346
1.02   2.33709075442   29.8254560604
1.03   2.35410125486   29.8156356919
1.04   2.37154756851   29.805563725
1.05   2.38942987586   29.7952400554
1.06   2.40774835736   29.784664579
1.07   2.42650319341   29.7738371916
1.08   2.44569456439   29.762757789
1.09   2.46532265059   29.7514262673
1.1   2.4853876323   29.7398425223
1.11   2.50588968974   29.7280064499
1.12   2.52682900309   29.7159179462
1.13   2.54820575248   29.7035769071
1.14   2.57002011799   29.6909832287
1.15   2.59227227966   29.6781368071
1.16   2.61496241748   29.6650375384
1.17   2.6380907114   29.6516853186
1.18   2.6616573413   29.6380800439
1.19   2.68566248702   29.6242216105
1.2   2.71010632836   29.6101099146
1.21   2.73498904507   29.5957448524
1.22   2.76031081682   29.5811263203
1.23   2.78607182327   29.5662542144
1.24   2.81227224401   29.5511284311
1.25   2.83891225856   29.5357488667
1.26   2.86599204642   29.5201154177
1.27   2.89351178701   29.5042279805
1.28   2.92147165973   29.4880864514
1.29   2.94987184388   29.471690727
1.3   2.97871251874   29.4550407038
1.31   3.00799386353   29.4381362783
1.32   3.03771605741   29.420977347
1.33   3.06787927949   29.4035638067
1.34   3.0984837088   29.3858955538
1.35   3.12952952436   29.3679724852
1.36   3.16101690509   29.3497944974
1.37   3.19294602987   29.3313614872
1.38   3.22531707752   29.3126733514
1.39   3.25813022681   29.2937299868
1.4   3.29138565645   29.2745312902
1.41   3.32508354507   29.2550771584
1.42   3.35922407126   29.2353674884
1.43   3.39380741355   29.2154021772
1.44   3.42883375041   29.1951811216
1.45   3.46430326024   29.1747042187
1.46   3.50021612138   29.1539713655
1.47   3.53657251211   29.1329824591
1.48   3.57337261066   29.1117373966
1.49   3.61061659518   29.0902360752
1.5   3.64830464376   29.0684783921
1.51   3.68643693444   29.0464642444
1.52   3.72501364518   29.0241935295
1.53   3.76403495388   29.0016661445
1.54   3.80350103838   28.978881987
1.55   3.84341207644   28.9558409541
1.56   3.88376824579   28.9325429434
1.57   3.92456972405   28.9089878523
1.58   3.9658166888   28.8851755783
1.59   4.00750931754   28.8611060188
1.6   4.04964778771   28.8367790716
1.61   4.09223227668   28.812194634
1.62   4.13526296176   28.7873526039
1.63   4.17874002017   28.7622528789
1.64   4.22266362907   28.7368953567
1.65   4.26703396557   28.7112799351
1.66   4.31185120668   28.6854065118
1.67   4.35711552935   28.6592749848
1.68   4.40282711046   28.6328852519
1.69   4.44898612683   28.606237211
1.7   4.49559275519   28.5793307601
1.71   4.54264717221   28.5521657973
1.72   4.59014955446   28.5247422205
1.73   4.63810007848   28.4970599278
1.74   4.68649892071   28.4691188175
1.75   4.7353462575   28.4409187877
1.76   4.78464226517   28.4124597365
1.77   4.83438711993   28.3837415623
1.78   4.88458099791   28.3547641635
1.79   4.93522407519   28.3255274382
1.8   4.98631652775   28.296031285
1.81   5.03785853152   28.2662756023
1.82   5.08985026232   28.2362602885
1.83   5.1422918959   28.2059852423
1.84   5.19518360796   28.1754503622
1.85   5.24852557408   28.1446555467
1.86   5.30231796979   28.1136006947
1.87   5.35656097053   28.0822857047
1.88   5.41125475166   28.0507104756
1.89   5.46639948845   28.0188749062
1.9   5.5219953561   27.9867788954
1.91   5.57804252973   27.9544223419
1.92   5.63454118437   27.9218051449
1.93   5.69149149497   27.8889272032
1.94   5.7488936364   27.855788416
1.95   5.80674778344   27.8223886823
1.96   5.8650541108   27.7887279013
1.97   5.92381279307   27.7548059722
1.98   5.98302400481   27.7206227941
1.99   6.04268792044   27.6861782665
2.0   6.10280471434   27.6514722887
2.01   6.16337456076   27.6165047599
2.02   6.22439763391   27.5812755798
2.03   6.28587410786   27.5457846477
2.04   6.34780415664   27.5100318633
2.05   6.41018795417   27.474017126
2.06   6.47302567427   27.4377403356
2.07   6.5363174907   27.4012013918
2.08   6.60006357711   27.3644001942
2.09   6.66426410705   27.3273366428
2.1   6.72891925401   27.2900106373
2.11   6.79402919137   27.2524220777
2.12   6.85959409242   27.2145708638
2.13   6.92561413036   27.1764568958
2.14   6.99208947829   27.1380800737
2.15   7.05902030923   27.0994402976
2.16   7.1264067961   27.0605374677
2.17   7.19424911172   27.0213714842
2.18   7.26254742883   26.9819422474
2.19   7.33130192007   26.9422496575
2.2   7.40051275797   26.9022936151
2.21   7.47018011499   26.8620740206
2.22   7.54030416347   26.8215907744
2.23   7.61088507567   26.7808437771
2.24   7.68192302375   26.7398329294
2.25   7.75341817977   26.6985581318
2.26   7.82537071568   26.6570192852
2.27   7.89778080335   26.6152162903
2.28   7.97064861454   26.5731490479
2.29   8.04397432093   26.5308174589
2.3   8.11775809407   26.4882214243
2.31   8.19200010542   26.4453608452
2.32   8.26670052636   26.4022356225
2.33   8.34185952814   26.3588456574
2.34   8.41747728193   26.3151908511
2.35   8.49355395878   26.2712711049
2.36   8.57008972965   26.22708632
2.37   8.64708476539   26.1826363978
2.38   8.72453923676   26.1379212397
2.39   8.80245331439   26.0929407473
2.4   8.88082716883   26.047694822
2.41   8.95966097052   26.0021833655
2.42   9.03895488977   25.9564062794
2.43   9.11870909683   25.9103634655
2.44   9.19892376181   25.8640548256
2.45   9.27959905471   25.8174802614
2.46   9.36073514545   25.770639675
2.47   9.44233220382   25.7235329683
2.48   9.5243903995   25.6761600433
2.49   9.60690990208   25.6285208022
2.5   9.68989088103   25.580615147
2.51   9.77333350571   25.5324429801
2.52   9.85723794536   25.4840042037
2.53   9.94160436914   25.4352987201
2.54   10.0264329461   25.3863264319
2.55   10.1117238451   25.3370872414
2.56   10.1974772349   25.2875810512
2.57   10.2836932843   25.237807764
2.58   10.3703721619   25.1877672823
2.59   10.4575140361   25.1374595091
2.6   10.5451190753   25.0868843469
2.61   10.6331874476   25.0360416988
2.62   10.7217193213   24.9849314677
2.63   10.8107148644   24.9335535566
2.64   10.9001742446   24.8819078685
2.65   10.9900976299   24.8299943066
2.66   11.0804851879   24.7778127741
2.67   11.171337086   24.7253631742
2.68   11.2626534919   24.6726454104
2.69   11.3544345726   24.6196593861
2.7   11.4466804956   24.5664050046
2.71   11.5393914277   24.5128821696
2.72   11.632567536   24.4590907847
2.73   11.7262089873   24.4050307535
2.74   11.8203159484   24.3507019798
2.75   11.9148885857   24.2961043675
2.76   12.0099270658   24.2412378205
2.77   12.105431555   24.1861022426
2.78   12.2014022196   24.130697538
2.79   12.2978392257   24.0750236107
2.8   12.3947427392   24.019080365
2.81   12.4921129259   23.962867705
2.82   12.5899499518   23.9063855351
2.83   12.6882539822   23.8496337597
2.84   12.7870251828   23.7926122833
2.85   12.8862637189   23.7353210103
2.86   12.9859697556   23.6777598454
2.87   13.0861434583   23.6199286934
2.88   13.1867849917   23.5618274588
2.89   13.2878945208   23.5034560466
2.9   13.3894722102   23.4448143617
2.91   13.4915182247   23.385902309
2.92   13.5940327286   23.3267197937
2.93   13.6970158863   23.2672667207
2.94   13.800467862   23.2075429954
2.95   13.9043888199   23.1475485229
2.96   14.0087789237   23.0872832087
2.97   14.1136383374   23.0267469581
2.98   14.2189672247   22.9659396768
2.99   14.3247657491   22.9048612701
3.0   14.431034074   22.8435116439
3.01   14.5377723628   22.7818907038
3.02   14.6449807785   22.7199983556
3.03   14.7526594842   22.6578345052
3.04   14.8608086429   22.5953990586
3.05   14.9694284172   22.5326919219
3.06   15.0785189699   22.469713001
3.07   15.1880804632   22.4064622023
3.08   15.2981130598   22.342939432
3.09   15.4086169217   22.2791445965
3.1   15.519592211   22.2150776021
3.11   15.6310390896   22.1507383554
3.12   15.7429577195   22.086126763
3.13   15.8553482621   22.0212427316
3.14   15.9682108792   21.9560861678
3.15   16.081545732   21.8906569786
3.16   16.1953529818   21.8249550708
3.17   16.3096327898   21.7589803514
3.18   16.4243853168   21.6927327276
3.19   16.5396107238   21.6262121064
3.2   16.6553091713   21.559418395
3.21   16.77148082   21.4923515009
3.22   16.8881258303   21.4250113314
3.23   17.0052443624   21.3573977939
3.24   17.1228365764   21.2895107961
3.25   17.2409026324   21.2213502455
3.26   17.3594426901   21.15291605
3.27   17.4784569092   21.0842081172
3.28   17.5979454493   21.0152263552
3.29   17.7179084698   20.9459706719
3.3   17.8383461299   20.8764409754
3.31   17.9592585888   20.8066371737
3.32   18.0806460054   20.7365591752
3.33   18.2025085384   20.6662068881
3.34   18.3248463467   20.5955802209
3.35   18.4476595886   20.524679082
3.36   18.5709484227   20.45350338
3.37   18.694713007   20.3820530236
3.38   18.8189534996   20.3103279215
3.39   18.9436700585   20.2383279825
3.4   19.0688628415   20.1660531156
3.41   19.1945320062   20.0935032298
3.42   19.32067771   20.0206782341
3.43   19.4473001103   19.9475780377
3.44   19.5743993642   19.87420255
3.45   19.7019756288   19.8005516802
3.46   19.8300290608   19.7266253377
3.47   19.9585598171   19.6524234322
3.48   20.0875680542   19.5779458733
3.49   20.2170539285   19.5031925706
3.5   20.3470175962   19.4281634339
3.51   20.4774592134   19.3528583732
3.52   20.6083789361   19.2772772983
3.53   20.7397769201   19.2014201195
3.54   20.8716533209   19.1252867467
3.55   21.0040082941   19.0488770904
3.56   21.1368419949   18.9721910607
3.57   21.2701545785   18.8952285682
3.58   21.4039462   18.8179895234
3.59   21.5382170141   18.7404738368
3.6   21.6729671756   18.6626814191
3.61   21.8081968389   18.5846121813
3.62   21.9439061585   18.506266034
3.63   22.0800952884   18.4276428884
3.64   22.2167643829   18.3487426555
3.65   22.3539135957   18.2695652464
3.66   22.4915430805   18.1901105725
3.67   22.629652991   18.110378545
3.68   22.7682434806   18.0303690754
3.69   22.9073147024   17.9500820752
3.7   23.0468668095   17.8695174561
3.71   23.1868999549   17.7886751298
3.72   23.3274142913   17.7075550082
3.73   23.4684099712   17.626157003
3.74   23.6098871472   17.5444810264
3.75   23.7518459713   17.4625269904
3.76   23.8942865958   17.3802948073
3.77   24.0372091726   17.2977843892
3.78   24.1806138533   17.2149956488
3.79   24.3245007897   17.1319284983
3.8   24.468870133   17.0485828504
3.81   24.6137220347   16.9649586178
3.82   24.7590566456   16.8810557133
3.83   24.9048741169   16.7968740497
3.84   25.0511745991   16.71241354
3.85   25.1979582429   16.6276740972
3.86   25.3452251988   16.5426556346
3.87   25.4929756169   16.4573580654
3.88   25.6412096473   16.371781303
3.89   25.7899274399   16.2859252608
3.9   25.9391291444   16.1997898524
3.91   26.0888149104   16.1133749915
3.92   26.2389848873   16.0266805918
3.93   26.3896392243   15.9397065671
3.94   26.5407780705   15.8524528315
3.95   26.6924015746   15.7649192989
3.96   26.8445098854   15.6771058837
3.97   26.9971031514   15.5890124999
3.98   27.150181521   15.500639062
3.99   27.3037451423   15.4119854844
4.0   27.4577941633   15.3230516817
4.01   27.6123287318   15.2338375686
4.02   27.7673489955   15.1443430598
4.03   27.9228551018   15.0545680701
4.04   28.0788471981   14.9645125147
4.05   28.2353254314   14.8741763084
4.06   28.3922899487   14.7835593666
4.07   28.5497408967   14.6926616044
4.08   28.707678422   14.6014829373
4.09   28.866102671   14.5100232808
4.1   29.02501379   14.4182825503
4.11   29.1844119249   14.3262606617
4.12   29.3442972217   14.2339575307
4.13   29.5046698259   14.1413730732
4.14   29.6655298832   14.0485072052
4.15   29.8268775389   13.9553598428
4.16   29.988712938   13.8619309022
4.17   30.1510362255   13.7682202998
4.18   30.3138475462   13.674227952
4.19   30.4771470447   13.5799537752
4.2   30.6409348654   13.4853976862
4.21   30.8052111526   13.3905596016
4.22   30.9699760502   13.2954394383
4.23   31.1352297021   13.2000371133
4.24   31.300972252   13.1043525436
4.25   31.4672038434   13.0083856463
4.26   31.6339246196   12.9121363388
4.27   31.8011347237   12.8156045385
4.28   31.9688342986   12.7187901627
4.29   32.1370234871   12.6216931292
4.3   32.3057024317   12.5243133555
4.31   32.4748712749   12.4266507596
4.32   32.6445301587   12.3287052593
4.33   32.8146792252   12.2304767726
4.34   32.9853186162   12.1319652177
4.35   33.1564484733   12.0331705129
4.36   33.3280689379   11.9340925765
4.37   33.5001801513   11.8347313269
4.38   33.6727822546   11.7350866827
4.39   33.8458753885   11.6351585626
4.4   34.0194596938   11.5349468854
4.41   34.1935353109   11.43445157
4.42   34.3681023801   11.3336725353
4.43   34.5431610416   11.2326097006
4.44   34.7187114351   11.1312629851
4.45   34.8947537005   11.0296323081
4.46   35.0712879773   10.927717589
4.47   35.2483144047   10.8255187474
4.48   35.425833122   10.723035703
4.49   35.603844268   10.6202683756
4.5   35.7823479815   10.5172166851
4.51   35.961344401   10.4138805515
4.52   36.140833665   10.3102598949
4.53   36.3208159115   10.2063546356
4.54   36.5012912786   10.1021646939
4.55   36.6822599039   9.99768999028
4.56   36.8637219251   9.89293044532
4.57   37.0456774796   9.78788597972
4.58   37.2281267045   9.68255651427
4.59   37.4110697368   9.57694196989
4.6   37.5945067134   9.47104226762
4.61   37.7784377707   9.36485732861
4.62   37.9628630452   9.25838707411
4.63   38.147782673   9.15163142551
4.64   38.3331967903   9.04459030429
4.65   38.5191055326   8.93726363205
4.66   38.7055090358   8.82965133053
4.67   38.892407435   8.72175332155
4.68   39.0798008656   8.61356952708
4.69   39.2676894626   8.50509986917
4.7   39.4560733606   8.39634427001
4.71   39.6449526944   8.2873026519
4.72   39.8343275982   8.17797493727
4.73   40.0241982064   8.06836104863
4.74   40.2145646528   7.95846090864
4.75   40.4054270713   7.84827444007
4.76   40.5967855954   7.7378015658
4.77   40.7886403585   7.62704220884
4.78   40.9809914938   7.51599629229
4.79   41.1738391342   7.40466373941
4.8   41.3671834125   7.29304447354
4.81   41.5610244614   7.18113841815
4.82   41.755362413   7.06894549683
4.83   41.9501973996   6.95646563331
4.84   42.1455295532   6.84369875139
4.85   42.3413590054   6.73064477503
4.86   42.5376858878   6.6173036283
4.87   42.7345103317   6.50367523538
4.88   42.9318324683   6.38975952057
4.89   43.1296524284   6.27555640829
4.9   43.3279703428   6.1610658231
4.91   43.5267863419   6.04628768965
4.92   43.7261005561   5.93122193273
4.93   43.9259131154   5.81586847723
4.94   44.1262241497   5.70022724819
4.95   44.3270337886   5.58429817075
4.96   44.5283421617   5.46808117017
4.97   44.7301493981   5.35157617184
4.98   44.9324556269   5.23478310127
4.99   45.135260977   5.11770188409
5.0   45.3385655769   5.00033244604
5.01   45.542369555   4.882674713
5.02   45.7466730395   4.76472861096
5.03   45.9514761585   4.64649406604
5.04   46.1567790396   4.52797100448
5.05   46.3625818105   4.40915935263
5.06   46.5688845985   4.29005903698
5.07   46.7756875306   4.17066998413
5.08   46.982990734   4.05099212081
5.09   47.1907943351   3.93102537388
5.1   47.3990984606   3.8107696703
5.11   47.6079032368   3.69022493718
5.12   47.8172087896   3.56939110173
5.13   48.0270152449   3.4482680913
5.14   48.2373227285   3.32685583337
5.15   48.4481313656   3.20515425551
5.16   48.6594412815   3.08316328546
5.17   48.8712526013   2.96088285104
5.18   49.0835654496   2.83831288023
5.19   49.296379951   2.71545330112
5.2   49.50969623   2.59230404191
5.21   49.7235144105   2.46886503096
5.22   49.9378346166   2.34513619672
5.23   50.1526569719   2.22111746779
5.24   50.3679815999   2.09680877289
5.25   50.5838086238   1.97221004084
5.26   50.8001381668   1.84732120063
5.27   51.0169703515   1.72214218134
5.28   51.2343053007   1.5966729122
5.29   51.4521431367   1.47091332254
5.3   51.6704839817   1.34486334184
5.31   51.8893279576   1.2185228997
5.32   52.1086751862   1.09189192585
5.33   52.3285257889   0.964970350127
5.34   52.5488798871   0.83775810252
5.35   52.7699051606   0.709963848681
5.36   52.990930434   0.581189594843
5.37   53.2119557074   0.451435341004
5.38   53.4329809808   0.320701087166
5.39   53.6540062542   0.188986833327
5.4   53.8750315276   0.0562925794889
5.41   54.096056801   -0.0773816743496
5.42   54.3170820744   -0.212035928188
5.43   54.5381073478   -0.347670182027
5.44   54.7591326212   -0.484284435865
5.45   54.9801578947   -0.621878689704
5.46   55.2011831681   -0.760452943542
5.47   55.4222084415   -0.900007197381
5.48   55.6432337149   -1.04054145122
5.49   55.8642589883   -1.18205570506
5.5   56.0852842617   -1.3245499589
5.51   56.3063095351   -1.46802421273
5.52   56.5273348085   -1.61247846657
5.53   56.7483600819   -1.75791272041
5.54   56.9693853553   -1.90432697425
5.55   57.1904106288   -2.05172122809
5.56   57.4114359022   -2.20009548193
5.57   57.6324611756   -2.34944973577
5.58   57.853486449   -2.4997839896
5.59   58.0745117224   -2.65109824344
5.6   58.2955369958   -2.80339249728
5.61   58.5165622692   -2.95666675112
5.62   58.7375875426   -3.11092100496
5.63   58.958612816   -3.2661552588
5.64   59.1796380894   -3.42236951264
5.65   59.4006633629   -3.57956376647
5.66   59.6216886363   -3.73773802031
5.67   59.8427139097   -3.89689227415
5.68   60.0637391831   -4.05702652799
5.69   60.2847644565   -4.21814078183
5.7   60.5057897299   -4.38023503567
5.71   60.7268150033   -4.5433092895
5.72   60.9478402767   -4.70736354334
5.73   61.1688655501   -4.87239779718
5.74   61.3898908235   -5.03841205102
5.75   61.610916097   -5.20540630486
5.76   61.8319413704   -5.3733805587
5.77   62.0529666438   -5.54233481254
5.78   62.2739919172   -5.71226906637
5.79   62.4950171906   -5.88318332021
5.8   62.716042464   -6.05507757405
5.81   62.9370677374   -6.22795182789
5.82   63.1580930108   -6.40180608173
5.83   63.3791182842   -6.57664033557
5.84   63.6001435576   -6.7524545894
5.85   63.821168831   -6.92924884324
5.86   64.0421941045   -7.10702309708
5.87   64.2632193779   -7.28577735092
5.88   64.4842446513   -7.46551160476
5.89   64.7052699247   -7.6462258586
5.9   64.9262951981   -7.82792011244
5.91   65.1473204715   -8.01059436627
5.92   65.3683457449   -8.19424862011
5.93   65.5893710183   -8.37888287395
5.94   65.8103962917   -8.56449712779
5.95   66.0314215651   -8.75109138163
5.96   66.2524468386   -8.93866563547
5.97   66.473472112   -9.12721988931
5.98   66.6944973854   -9.31675414314
5.99   66.9155226588   -9.50726839698
6.0   67.1365479322   -9.69876265082
6.01   67.3575732056   -9.89123690466
6.02   67.578598479   -10.0846911585
6.03   67.7996237524   -10.2791254123
6.04   68.0206490258   -10.4745396662
6.05   68.2416742992   -10.67093392
6.06   68.4626995727   -10.8683081739
6.07   68.6837248461   -11.0666624277
6.08   68.9047501195   -11.2659966815
6.09   69.1257753929   -11.4663109354
6.1   69.3468006663   -11.6676051892
6.11   69.5678259397   -11.869879443
6.12   69.7888512131   -12.0731336969
6.13   70.0098764865   -12.2773679507
6.14   70.2309017599   -12.4825822046
6.15   70.4519270333   -12.6887764584
6.16   70.6729523068   -12.8959507122
6.17   70.8939775802   -13.1041049661
6.18   71.1150028536   -13.3132392199
6.19   71.336028127   -13.5233534738
6.2   71.5570534004   -13.7344477276
6.21   71.7780786738   -13.9465219814
6.22   71.9991039472   -14.1595762353
6.23   72.2201292206   -14.3736104891
6.24   72.441154494   -14.5886247429
6.25   72.6621797674   -14.8046189968
6.26   72.8832050409   -15.0215932506
6.27   73.1042303143   -15.2395475045
6.28   73.3252555877   -15.4584817583
6.29   73.5462808611   -15.6783960121
6.3   73.7673061345   -15.899290266
6.31   73.9883314079   -16.1211645198
6.32   74.2093566813   -16.3440187737
6.33   74.4303819547   -16.5678530275
6.34   74.6514072281   -16.7926672813
6.35   74.8724325015   -17.0184615352
6.36   75.093457775   -17.245235789
6.37   75.3144830484   -17.4729900428
6.38   75.5355083218   -17.7017242967
6.39   75.7565335952   -17.9314385505
6.4   75.9775588686   -18.1621328044
6.41   76.198584142   -18.3938070582
6.42   76.4196094154   -18.626461312
6.43   76.6406346888   -18.8600955659
6.44   76.8616599622   -19.0947098197
6.45   77.0826852356   -19.3303040736
6.46   77.3037105091   -19.5668783274
6.47   77.5247357825   -19.8044325812
6.48   77.7457610559   -20.0429668351
6.49   77.9667863293   -20.2824810889
6.5   78.1878116027   -20.5229753427
6.51   78.4088368761   -20.7644495966
6.52   78.6298621495   -21.0069038504
6.53   78.8508874229   -21.2503381043
6.54   79.0719126963   -21.4947523581
6.55   79.2929379697   -21.7401466119
6.56   79.5139632432   -21.9865208658
6.57   79.7349885166   -22.2338751196
6.58   79.95601379   -22.4822093735
6.59   80.1770390634   -22.7315236273
6.6   80.3980643368   -22.9818178811
6.61   80.6190896102   -23.233092135
6.62   80.8401148836   -23.4853463888
6.63   81.061140157   -23.7385806426
6.64   81.2821654304   -23.9927948965
6.65   81.5031907038   -24.2479891503
6.66   81.7242159772   -24.5041634042
6.67   81.9452412507   -24.761317658
6.68   82.1662665241   -25.0194519118
6.69   82.3872917975   -25.2785661657
6.7   82.6083170709   -25.5386604195
6.71   82.8293423443   -25.7997346734
6.72   83.0503676177   -26.0617889272
6.73   83.2713928911   -26.324823181
6.74   83.4924181645   -26.5888374349
6.75   83.7134434379   -26.8538316887
6.76   83.9344687113   -27.1198059425
6.77   84.1554939848   -27.3867601964
6.78   84.3765192582   -27.6546944502
6.79   84.5975445316   -27.9236087041
6.8   84.818569805   -28.1935029579
6.81   85.0395950784   -28.4643772117
6.82   85.2606203518   -28.7362314656
6.83   85.4816456252   -29.0090657194
6.84   85.7026708986   -29.2828799733
6.85   85.923696172   -29.5576742271
6.86   86.1447214454   -29.8334484809
6.87   86.3657467189   -30.1102027348
6.88   86.5867719923   -30.3879369886
6.89   86.8077972657   -30.6666512424
6.9   87.0288225391   -30.9463454963
6.91   87.2498478125   -31.2270197501
6.92   87.4708730859   -31.508674004
6.93   87.6918983593   -31.7913082578
6.94   87.9129236327   -32.0749225116
6.95   88.1339489061   -32.3595167655
6.96   88.3549741795   -32.6450910193
6.97   88.575999453   -32.9316452732
6.98   88.7970247264   -33.219179527
6.99   89.0180499998   -33.5076937808
7.0   89.2390752732   -33.7971880347
7.01   89.4601005466   -34.0876622885
7.02   89.68112582   -34.3791165423
7.03   89.9021510934   -34.6715507962
7.04   90.1231763668   -34.96496505
7.05   90.3442016402   -35.2593593039
7.06   90.5652269136   -35.5547335577
7.07   90.7862521871   -35.8510878115
7.08   91.0072774605   -36.1484220654
7.09   91.2283027339   -36.4467363192
7.1   91.4493280073   -36.7460305731
7.11   91.6703532807   -37.0463048269
7.12   91.8913785541   -37.3475590807
7.13   92.1124038275   -37.6497933346
7.14   92.3334291009   -37.9530075884
7.15   92.5544543743   -38.2572018422
7.16   92.7754796477   -38.5623760961
7.17   92.9965049212   -38.8685303499
7.18   93.2175301946   -39.1756646038
7.19   93.438555468   -39.4837788576
7.2   93.6595807414   -39.7928731114
7.21   93.8806060148   -40.1029473653
7.22   94.1016312882   -40.4140016191
7.23   94.3226565616   -40.726035873
7.24   94.543681835   -41.0390501268
7.25   94.7647071084   -41.3530443806
7.26   94.9857323818   -41.6680186345
7.27   95.2067576553   -41.9839728883
7.28   95.4277829287   -42.3009071421
7.29   95.6488082021   -42.618821396
7.3   95.8698334755   -42.9377156498
7.31   96.0908587489   -43.2575899037
7.32   96.3118840223   -43.5784441575
7.33   96.5329092957   -43.9002784113
7.34   96.7539345691   -44.2230926652
7.35   96.9749598425   -44.546886919
7.36   97.1959851159   -44.8716611729
7.37   97.4170103893   -45.1974154267
7.38   97.6380356628   -45.5241496805
7.39   97.8590609362   -45.8518639344
7.4   98.0800862096   -46.1805581882
7.41   98.301111483   -46.510232442
7.42   98.5221367564   -46.8408866959
7.43   98.7431620298   -47.1725209497
7.44   98.9641873032   -47.5051352036
7.45   99.1852125766   -47.8387294574
7.46   99.40623785   -48.1733037112
7.47   99.6272631234   -48.5088579651
7.48   99.8482883969   -48.8453922189
7.49   100.06931367   -49.1829064728
