0   2.0   1.99951
0.01   2.0   1.99804
0.02   2.0   1.99559
0.03   2.0   1.99216
0.04   2.0   1.98775
0.05   2.0   1.98236
0.06   2.0   1.97599
0.07   2.0   1.96864
0.08   2.0   1.96031
0.09   2.0   1.951
0.1   2.0   1.94071
0.11   2.0   1.92944
0.12   2.0   1.91719
0.13   2.0   1.90396
0.14   2.0   1.88975
0.15   2.0   1.87456
0.16   2.0   1.85839
0.17   2.0   1.84124
0.18   2.0   1.82311
0.19   2.0   1.804
0.2   2.0   1.78391
0.21   2.0   1.76284
0.22   2.0   1.74079
0.23   2.0   1.71776
0.24   2.0   1.69375
0.25   2.0   1.66876
0.26   2.0   1.64279
0.27   2.0   1.61584
0.28   2.0   1.58791
0.29   2.0   1.559
0.3   2.0   1.52911
0.31   2.0   1.49824
0.32   2.0   1.46639
0.33   2.0   1.43356
0.34   2.0   1.39975
0.35   2.0   1.36496
0.36   2.0   1.32919
0.37   2.0   1.29244
0.38   2.0   1.25471
0.39   2.0   1.216
0.4   2.0   1.17631
0.41   2.0   1.13564
0.42   2.0   1.09399
0.43   2.0   1.05136
0.44   2.0   1.00775
0.45   2.0   0.96316
0.46   2.0   0.999755
0.47   2.00040004545   1.0
0.48   2.00117538493   0.999999999882
0.49   2.0017005284   0.999755
0.5   2.00252055198   0.999999999932
0.51   2.00359097737   0.999999999835
0.52   2.00491192727   0.999999999719
0.53   2.00648352443   0.999999999572
0.54   2.00830589168   0.999999999395
0.55   2.01037915188   0.999999999186
0.56   2.01270342798   0.999999998947
0.57   2.01527884296   0.999999998676
0.58   2.01810551989   0.999999998375
0.59   2.02118358188   0.999999998042
0.6   2.0245131521   0.999999997679
0.61   2.0280943538   0.999999997284
0.62   2.03192731026   0.999999996858
0.63   2.03601214485   0.999999996401
0.64   2.04034898097   0.999999995912
0.65   2.0449379421   0.999999995392
0.66   2.04977915177   0.999999994841
0.67   2.05487273358   0.999999994258
0.68   2.06021881118   0.999999993644
0.69   2.06581750829   0.999999992998
0.7   2.07166894867   0.999999992321
0.71   2.07777325616   0.999999991612
0.72   2.08413055464   0.999999990871
0.73   2.09074096808   0.999999990099
0.74   2.09760462048   0.999999989295
0.75   2.10472163591   0.999999988459
0.76   2.1120921385   0.999999987591
0.77   2.11971625244   0.999999986691
0.78   2.12759410198   0.99999998576
0.79   2.13572581142   0.999999984796
0.8   2.14411150515   0.999999983801
0.81   2.15275130757   0.999999982773
0.82   2.16164534318   0.999999981713
0.83   2.17079373652   0.999999980621
0.84   2.1801966122   0.999999979497
0.85   2.18985409488   0.99999997834
0.86   2.19976630929   0.999999977152
0.87   2.2099333802   0.999999975931
0.88   2.22035543247   0.999999974677
0.89   2.23103259098   0.999999973391
0.9   2.24196498071   0.999999972073
0.91   2.25315272667   0.999999970722
0.92   2.26459595394   0.999999969338
0.93   2.27629478766   0.999999967922
0.94   2.28824935302   0.999999966473
0.95   2.30045977528   0.999999964992
0.96   2.31292617976   0.999999963477
0.97   2.32564869182   0.99999996193
0.98   2.33862743691   0.99999996035
0.99   2.35186254052   0.999999958737
1.0   2.36535412818   0.999999957091
1.01   2.37910232553   0.999999955412
1.02   2.39310725822   0.999999953701
1.03   2.40736905198   0.999999951956
1.04   2.4218878326   0.999999950177
1.05   2.43666372592   0.999999948366
1.06   2.45169685785   0.999999946522
1.07   2.46698735435   0.999999944644
1.08   2.48253534145   0.999999942733
1.09   2.49834094521   0.999999940788
1.1   2.5144042918   0.99999993881
1.11   2.53072550739   0.999999936799
1.12   2.54730471824   0.999999934754
1.13   2.56414205068   0.999999932675
1.14   2.58123763108   0.999999930563
1.15   2.59859158586   0.999999928417
1.16   2.61620404152   0.999999926238
1.17   2.63407512462   0.999999924025
1.18   2.65220496174   0.999999921778
1.19   2.67059367957   0.999999919497
1.2   2.68924140483   0.999999917182
1.21   2.7081482643   0.999999914834
1.22   2.72731438482   0.999999912451
1.23   2.74673989329   0.999999910035
1.24   2.76642491667   0.999999907584
1.25   2.78636958198   0.999999905099
1.26   2.80657401629   0.99999990258
1.27   2.82703834674   0.999999900027
1.28   2.84776270051   0.99999989744
1.29   2.86874720486   0.999999894818
1.3   2.88999198709   0.999999892162
1.31   2.91149717457   0.999999889471
1.32   2.93326289472   0.999999886746
1.33   2.95528927503   0.999999883987
1.34   2.97757644303   0.999999881193
1.35   3.00012452633   0.999999878365
1.36   3.02293365258   0.999999875501
1.37   3.04600394949   0.999999872603
1.38   3.06933554483   0.999999869671
1.39   3.09292856644   0.999999866704
1.4   3.1167831422   0.999999863701
1.41   3.14089940006   0.999999860664
1.42   3.16527746802   0.999999857592
1.43   3.18991747414   0.999999854485
1.44   3.21481954654   0.999999851343
1.45   3.2399838134   0.999999848166
1.46   3.26541040295   0.999999844954
1.47   3.29109944349   0.999999841707
1.48   3.31705106335   0.999999838425
1.49   3.34326539096   0.999999835107
1.5   3.36974255477   0.999999831754
1.51   3.3964826833   0.999999828365
1.52   3.42348590514   0.999999824942
1.53   3.45075234892   0.999999821482
1.54   3.47828214334   0.999999817988
1.55   3.50607541715   0.999999814458
1.56   3.53413229916   0.999999810892
1.57   3.56245291822   0.99999980729
1.58   3.59103740328   0.999999803653
1.59   3.6198858833   0.999999799981
1.6   3.64899848733   0.999999796272
1.61   3.67837534447   0.999999792528
1.62   3.70801658385   0.999999788747
1.63   3.7379223347   0.999999784931
1.64   3.76809272628   0.999999781079
1.65   3.79852788792   0.999999777191
1.66   3.82922794898   0.999999773267
1.67   3.86019303892   0.999999769306
1.68   3.89142328723   0.99999976531
1.69   3.92291882346   0.999999761277
1.7   3.95467977721   0.999999757208
1.71   3.98670627815   0.999999753103
1.72   4.01899845601   0.999999748962
1.73   4.05155644056   0.999999744784
1.74   4.08438036163   0.999999740569
1.75   4.11747034913   0.999999736319
1.76   4.15082653299   0.999999732031
1.77   4.18444904323   0.999999727707
1.78   4.2183380099   0.999999723347
1.79   4.25249356313   0.999999718949
1.8   4.28691583308   0.999999714515
1.81   4.32160495   0.999999710045
1.82   4.35656104416   0.999999705537
1.83   4.39178424592   0.999999700993
1.84   4.42727468566   0.999999696411
1.85   4.46303249386   0.999999691793
1.86   4.49905780102   0.999999687138
1.87   4.53535073771   0.999999682445
1.88   4.57191143456   0.999999677716
1.89   4.60874002224   0.999999672949
1.9   4.6458366315   0.999999668145
1.91   4.68320139314   0.999999663304
1.92   4.72083443799   0.999999658426
1.93   4.75873589697   0.99999965351
1.94   4.79690590103   0.999999648557
1.95   4.8353445812   0.999999643566
1.96   4.87405206855   0.999999638538
1.97   4.91302849421   0.999999633473
1.98   4.95227398935   0.99999962837
1.99   4.99178868524   0.999999623229
2.0   5.03128536103   1.00527733062
2.01   5.0711845377   1.00833051868
2.02   5.11143192221   1.01140067057
2.03   5.15167930672   1.01349082246
2.04   5.19162109673   1.01726806266
2.05   5.23183220674   1.02057938452
2.06   5.27240953178   1.02367469197
2.07   5.31298685682   1.02578999942
2.08   5.35325842573   1.02959238719
2.09   5.39379947025   1.03292886513
2.1   5.434706972   1.03604934594
2.11   5.47561447374   1.03818982675
2.12   5.51621605758   1.04201738055
2.13   5.55708727288   1.04537903253
2.14   5.59832518777   1.04852470452
2.15   5.63956310267   1.0506903765
2.16   5.68062156836   1.05283776483
2.17   5.72207469301   1.05448977932
2.18   5.76352781766   1.05516179382
2.19   5.80498094231   1.05485380832
2.2   5.84643406696   1.05356582282
2.21   5.88788719161   1.05129783731
2.22   5.92934031626   1.04804985181
2.23   5.97079344091   1.04382186631
2.24   6.01224656555   1.0386138808
2.25   6.0536996902   1.0324258953
2.26   6.09515281485   1.0252579098
2.27   6.13632095764   1.02256385624
2.28   6.17779534006   1.01987059714
2.29   6.21955660956   1.01691314149
2.3   6.26162209793   1.0139341413
2.31   6.30399195225   1.01093358651
2.32   6.34666631958   1.0079114667
2.33   6.38964534707   1.00486777146
2.34   6.4329291819   1.00180249036
2.35   6.47651797131   0.998715612969
2.36   6.52041186261   0.995607128859
2.37   6.56461100313   0.992477027596
2.38   6.60926788859   0.989309544028
2.39   6.65392477404   0.98516206046
2.4   6.6985816595   0.980034576891
2.41   6.74323854495   0.973927093323
2.42   6.78789543041   0.966839609755
2.43   6.83255231586   0.958772126186
2.44   6.87720920131   0.949724642618
2.45   6.92186608677   0.93969715905
2.46   6.96652297222   0.928689675481
2.47   7.01117985768   0.916702191913
2.48   7.05583674313   0.903734708345
2.49   7.10049362859   0.889787224776
2.5   7.14515051404   0.874859741208
2.51   7.1898073995   0.858952257639
2.52   7.23446428495   0.842064774071
2.53   7.27912117041   0.824197290503
2.54   7.32377805586   0.805349806934
2.55   7.36843494132   0.785522323366
2.56   7.41309182677   0.764714839798
2.57   7.45774871223   0.742927356229
2.58   7.50240559768   0.720159872661
2.59   7.54706248313   0.696412389093
2.6   7.59171936859   0.671684905524
2.61   7.63637625404   0.645977421956
2.62   7.6810331395   0.619289938388
2.63   7.72569002495   0.591622454819
2.64   7.77034691041   0.562974971251
2.65   7.81500379586   0.533347487683
2.66   7.85966068132   0.502740004114
2.67   7.90431756677   0.471152520546
2.68   7.94897445223   0.438585036978
2.69   7.99363133768   0.405037553409
2.7   8.03828822314   0.370510069841
2.71   8.08294510859   0.335002586273
2.72   8.12760199404   0.298515102704
2.73   8.1722588795   0.261047619136
2.74   8.21691576495   0.222600135568
2.75   8.26157265041   0.183172651999
2.76   8.30622953586   0.142765168431
2.77   8.35088642132   0.101377684863
2.78   8.39554330677   0.0590102012943
2.79   8.44020019223   0.015662717726
2.8   8.48485707768   -0.0286647658424
2.81   8.52951396314   -0.0739722494107
2.82   8.57417084859   -0.120259732979
2.83   8.61882773405   -0.167527216547
2.84   8.6634846195   -0.215774700116
2.85   8.70814150495   -0.265002183684
2.86   8.75279839041   -0.315209667252
2.87   8.79745527586   -0.366397150821
2.88   8.84211216132   -0.418564634389
2.89   8.88676904677   -0.471712117957
2.9   8.93142593223   -0.525839601526
2.91   8.97608281768   -0.580947085094
2.92   9.02073970314   -0.637034568662
2.93   9.06539658859   -0.694102052231
2.94   9.11005347405   -0.752149535799
2.95   9.1547103595   -0.811177019367
2.96   9.19936724496   -0.871184502936
2.97   9.24402413041   -0.932171986504
2.98   9.28868101587   -0.994139470073
2.99   9.33333790132   -1.05708695364
3.0   9.37799478677   -1.12101443721
3.01   9.42265167223   -1.18592192078
3.02   9.46730855768   -1.25180940435
3.03   9.51196544314   -1.31867688791
3.04   9.55662232859   -1.38652437148
3.05   9.60127921405   -1.45535185505
3.06   9.6459360995   -1.52515933862
3.07   9.69059298496   -1.59594682219
3.08   9.73524987041   -1.66771430576
3.09   9.77990675587   -1.74046178932
3.1   9.82456364132   -1.81418927289
3.11   9.86922052678   -1.88889675646
3.12   9.91387741223   -1.96458424003
3.13   9.95853429768   -2.0412517236
3.14   10.0031911831   -2.11889920717
3.15   10.0478480686   -2.19752669073
3.16   10.092504954   -2.2771341743
3.17   10.1371618395   -2.35772165787
3.18   10.181818725   -2.43928914144
3.19   10.2264756104   -2.52183662501
3.2   10.2711324959   -2.60536410858
3.21   10.3157893813   -2.68987159214
3.22   10.3604462668   -2.77535907571
3.23   10.4051031522   -2.86182655928
3.24   10.4497600377   -2.94927404285
3.25   10.4944169231   -3.03770152642
3.26   10.5390738086   -3.12710900999
3.27   10.583730694   -3.21749649355
3.28   10.6283875795   -3.30886397712
3.29   10.673044465   -3.40121146069
3.3   10.7177013504   -3.49453894426
3.31   10.7498646506   -3.52582029828
3.32   10.7791908185   -3.56033147859
3.33   10.8088142456   -3.59542659468
3.34   10.8388492874   -3.63100935356
3.35   10.8692960599   -3.66707989078
3.36   10.9001546782   -3.70363834247
3.37   10.931425257   -3.74068484458
3.38   10.9631079107   -3.77821953279
3.39   10.9952027538   -3.81624254261
3.4   11.0277099005   -3.85475400928
3.41   11.0606294647   -3.89375406786
3.42   11.0939615602   -3.93324285316
3.43   11.1277063006   -3.97322049977
3.44   11.1618637994   -4.01368714208
3.45   11.1964341698   -4.05464291422
3.46   11.2314175249   -4.09608795012
3.47   11.2668139774   -4.13802238348
3.48   11.3026236401   -4.18044634777
3.49   11.3388466254   -4.22335997623
3.5   11.3754830457   -4.26676340189
3.51   11.4125330129   -4.31065675753
3.52   11.449996639   -4.35504017572
3.53   11.4878740357   -4.39991378879
3.54   11.5261653146   -4.44527772885
3.55   11.5648705868   -4.49113212777
3.56   11.6039899636   -4.5374771172
3.57   11.6435235559   -4.58431282855
3.58   11.6834714744   -4.63163939301
3.59   11.7238338296   -4.67945694152
3.6   11.7646107319   -4.72776560481
3.61   11.8058022914   -4.77656551335
3.62   11.8671378229   -4.79744474554
3.63   11.9262807172   -4.82428676405
3.64   11.9858029004   -4.85145728366
3.65   12.0457632442   -4.87882781445
3.66   12.1061619302   -4.90639843812
3.67   12.1669991396   -4.93416923734
3.68   12.2282750535   -4.96214029481
3.69   12.289989853   -4.99031169318
3.7   12.3521437191   -5.01868351508
3.71   12.4147368328   -5.04725584313
3.72   12.477769375   -5.07602875991
3.73   12.5412415266   -5.10500234799
3.74   12.6051534685   -5.13417668994
3.75   12.6695053814   -5.16355186826
3.76   12.7359733393   -5.18919506845
3.77   12.8022303115   -5.21657459375
3.78   12.8689167249   -5.24414171954
3.79   12.9360363183   -5.27188791504
3.8   13.0035892733   -5.29981325522
3.81   13.0715757715   -5.32791781507
3.82   13.1399959941   -5.35620166961
3.83   13.2088501227   -5.3846648938
3.84   13.2781383385   -5.41330756263
3.85   13.3478608229   -5.44212975103
3.86   13.4180177571   -5.47113153395
3.87   13.4886093224   -5.5003129863
3.88   13.5596356999   -5.52967418298
3.89   13.6310970708   -5.55921519889
3.9   13.7029936163   -5.58893610888
3.91   13.7753255173   -5.61883698781
3.92   13.848092955   -5.64891791052
3.93   13.9212961103   -5.67917895182
3.94   13.9949351641   -5.70962018651
3.95   14.0690102975   -5.74024168938
3.96   14.1435216911   -5.77104353519
3.97   14.2184695259   -5.8020257987
3.98   14.2938539826   -5.83318855462
3.99   14.3696752419   -5.86453187767
4.0   14.4459334846   -5.89605584254
4.01   14.5226288913   -5.92776052392
4.02   14.5997616426   -5.95964599645
4.03   14.677331919   -5.99171233477
4.04   14.755339901   -6.02395961351
4.05   14.8337857692   -6.05638790726
4.06   14.9126697039   -6.0889972906
4.07   14.9919918854   -6.12178783809
4.08   15.0717524942   -6.15475962429
4.09   15.1519517104   -6.18791272369
4.1   15.2325897144   -6.22124721082
4.11   15.3136666862   -6.25476316016
4.12   15.3951828061   -6.28846064616
4.13   15.4771382541   -6.32233974326
4.14   15.5595332102   -6.35640052589
4.15   15.6425723628   -6.39077103742
4.16   15.7256115154   -6.42612154895
4.17   15.808650668   -6.46245206047
4.18   15.8916898206   -6.499762572
4.19   15.9747289732   -6.53805308353
4.2   16.0577681258   -6.57732359505
4.21   16.1408072784   -6.61757410658
4.22   16.223846431   -6.65880461811
4.23   16.3068855836   -6.70101512963
4.24   16.3899247363   -6.74420564116
4.25   16.4729638889   -6.78837615269
4.26   16.5560030415   -6.83352666421
4.27   16.6390421941   -6.87965717574
4.28   16.7220813467   -6.92676768727
4.29   16.8051204993   -6.9748581988
4.3   16.8881596519   -7.02392871032
4.31   16.9711988045   -7.07397922185
4.32   17.0542379571   -7.12500973338
4.33   17.1372771097   -7.1770202449
4.34   17.2203162624   -7.23001075643
4.35   17.303355415   -7.28398126796
4.36   17.3863945676   -7.33893177948
4.37   17.4694337202   -7.39486229101
4.38   17.5524728728   -7.45177280254
4.39   17.6355120254   -7.50966331406
4.4   17.718551178   -7.56853382559
4.41   17.8015903306   -7.62838433712
4.42   17.8846294832   -7.68921484864
4.43   17.9676686358   -7.75102536017
4.44   18.0507077884   -7.8138158717
4.45   18.1337469411   -7.87758638322
4.46   18.2167860937   -7.94233689475
4.47   18.2998252463   -8.00806740628
4.48   18.3828643989   -8.0747779178
4.49   18.4659035515   -8.14246842933
4.5   18.5489427041   -8.21113894086
4.51   18.6319818567   -8.28078945238
4.52   18.7150210093   -8.35141996391
4.53   18.7980601619   -8.42303047544
4.54   18.8810993145   -8.49562098696
4.55   18.9641384672   -8.56919149849
4.56   19.0471776198   -8.64374201002
4.57   19.1302167724   -8.71927252154
4.58   19.213255925   -8.79578303307
4.59   19.2962950776   -8.8732735446
4.6   19.3793342302   -8.95174405612
4.61   19.4623733828   -9.03119456765
4.62   19.5454125354   -9.11162507918
4.63   19.628451688   -9.1930355907
4.64   19.7114908406   -9.27542610223
4.65   19.7945299933   -9.35879661376
4.66   19.8775691459   -9.44314712528
4.67   19.9606082985   -9.52847763681
4.68   20.0436474511   -9.61478814834
4.69   20.1266866037   -9.70207865986
4.7   20.2097257563   -9.79034917139
4.71   20.2927649089   -9.87959968292
4.72   20.3758040615   -9.96983019444
4.73   20.4588432141   -10.061040706
4.74   20.5418823667   -10.1532312175
4.75   20.6249215193   -10.246401729
4.76   20.707960672   -10.3405522406
4.77   20.7909998246   -10.4356827521
4.78   20.8740389772   -10.5317932636
4.79   20.9570781298   -10.6288837751
4.8   21.0401172824   -10.7269542867
4.81   21.123156435   -10.8260047982
4.82   21.2061955876   -10.9260353097
4.83   21.2892347402   -11.0270458212
4.84   21.3722738928   -11.1290363328
4.85   21.4553130454   -11.2320068443
4.86   21.5383521981   -11.3359573558
4.87   21.6213913507   -11.4408878673
4.88   21.7044305033   -11.5467983789
4.89   21.7874696559   -11.6536888904
4.9   21.8705088085   -11.7615594019
4.91   21.9535479611   -11.8704099135
4.92   22.0365871137   -11.980240425
4.93   22.1196262663   -12.0910509365
4.94   22.2026654189   -12.202841448
4.95   22.2857045715   -12.3156119596
4.96   22.3687437242   -12.4293624711
4.97   22.4517828768   -12.5440929826
4.98   22.5348220294   -12.6598034941
4.99   22.617861182   -12.7764940057
5.0   22.7009003346   -12.8941645172
5.01   22.7839394872   -13.0128150287
5.02   22.8669786398   -13.1324455402
5.03   22.9500177924   -13.2530560518
5.04   23.033056945   -13.3746465633
5.05   23.1160960976   -13.4972170748
5.06   23.1991352502   -13.6207675864
5.07   23.2821744029   -13.7452980979
5.08   23.3652135555   -13.8708086094
5.09   23.4482527081   -13.9972991209
5.1   23.5312918607   -14.1247696325
5.11   23.6143310133   -14.253220144
5.12   23.6973701659   -14.3826506555
5.13   23.7804093185   -14.513061167
5.14   23.8634484711   -14.6444516786
5.15   23.9464876237   -14.7768221901
5.16   24.0295267763   -14.9101727016
5.17   24.1166743963   -14.9387287834
5.18   24.1942270963   -14.9845079337
5.19   24.2721394453   -15.0307306875
5.2   24.3505126424   -15.0772268496
5.21   24.429346858   -15.1239965179
5.22   24.5086422609   -15.1710397926
5.23   24.5883990197   -15.2183567737
5.24   24.668617303   -15.2659475612
5.25   24.7492972793   -15.313812255
5.26   24.8304391169   -15.3619509551
5.27   24.9120429839   -15.4103637612
5.28   24.9941090486   -15.459050773
5.29   25.076637479   -15.5080120902
5.3   25.1596284428   -15.5572478125
5.31   25.2430821079   -15.6067580393
5.32   25.3269986419   -15.6565428701
5.33   25.4113782124   -15.7066024043
5.34   25.4962209867   -15.7569367413
5.35   25.5815271323   -15.8075459802
5.36   25.6672968162   -15.8584302203
5.37   25.7535302055   -15.9095895607
5.38   25.8402274673   -15.9610241004
5.39   25.9273887682   -16.0127339383
5.4   26.015014275   -16.0647191735
5.41   26.1031041544   -16.1169799047
5.42   26.1916585727   -16.1695162308
5.43   26.2806776964   -16.2223282502
5.44   26.3701616916   -16.2754160618
5.45   26.4601107245   -16.3287797641
5.46   26.550524961   -16.3824194554
5.47   26.641404567   -16.4363352343
5.48   26.7128687366   -16.3564449873
5.49   26.7942448033   -16.2885236615
5.5   26.8757364976   -16.2207886019
5.51   26.9572281919   -16.1540335423
5.52   27.0387198862   -16.0882584826
5.53   27.1202115805   -16.023463423
5.54   27.2017032748   -15.9596483633
5.55   27.2831949691   -15.8968133037
5.56   27.3646866633   -15.8349582441
5.57   27.4461783576   -15.7740831844
5.58   27.5276700519   -15.7141881248
5.59   27.6091617462   -15.6552730651
5.6   27.6906534405   -15.5973380055
5.61   27.7721451348   -15.5403829459
5.62   27.8536368291   -15.4844078862
5.63   27.9351285233   -15.4294128266
5.64   28.0166202176   -15.3753977669
5.65   28.0981119119   -15.3223627073
5.66   28.1796036062   -15.2703076477
5.67   28.2610953005   -15.219232588
5.68   28.3425869948   -15.1691375284
5.69   28.4240786891   -15.1200224687
5.7   28.5055703833   -15.0718874091
5.71   28.5870620776   -15.0247323495
5.72   28.6685537719   -14.9785572898
5.73   28.7500454662   -14.9333622302
5.74   28.8315371605   -14.8891471705
5.75   28.9130288548   -14.8459121109
5.76   28.9945205491   -14.8036570513
5.77   29.0760122433   -14.7623819916
5.78   29.1575039376   -14.722086932
5.79   29.2389956319   -14.6827718723
5.8   29.3204873262   -14.6444368127
5.81   29.4019790205   -14.6070817531
5.82   29.4834707148   -14.5707066934
5.83   29.5649624091   -14.5353116338
5.84   29.624865483   -14.4457214037
5.85   29.6991318314   -14.3704317407
5.86   29.7734243638   -14.2952911065
5.87   29.8477168961   -14.2211304722
5.88   29.9217111419   -14.1458574744
5.89   29.9957935027   -14.0707537191
5.9   30.0699020096   -13.9957991788
5.91   30.1440105165   -13.9218246386
5.92   30.2178204906   -13.8467373419
5.93   30.2917187521   -13.7718196071
5.94   30.3656431221   -13.6970512738
5.95   30.439567492   -13.6232629405
5.96   30.5131930824   -13.5483614574
5.97   30.586907133   -13.473629856
5.98   30.6606472544   -13.3990478428
5.99   30.7343873757   -13.3254458295
6.0   30.8078284704   -13.2507302725
6.01   30.8813581985   -13.1761849174
6.02   30.9549139596   -13.1017893372
6.03   31.0284697208   -13.028373757
6.04   31.1017262077   -12.9538442387
6.05   31.1750715014   -12.8794852428
6.06   31.2484427907   -12.8052762088
6.07   31.32181408   -12.7320471747
6.08   31.394885847   -12.6577038076
6.09   31.4682478798   -12.5837721696
6.1   31.5416099126   -12.5108205316
6.11   31.6149719454   -12.4388488937
6.12   31.6883339783   -12.3678572557
6.13   31.7616960111   -12.2978456177
6.14   31.8350580439   -12.2288139797
6.15   31.9084200767   -12.1607623418
6.16   31.9817821095   -12.0936907038
6.17   32.0551441424   -12.0275990658
6.18   32.1285061752   -11.9624874278
6.19   32.201868208   -11.8983557899
6.2   32.2752302408   -11.8352041519
6.21   32.3485922736   -11.7730325139
6.22   32.4219543065   -11.7118408759
6.23   32.4953163393   -11.6516292379
6.24   32.5686783721   -11.5923976
6.25   32.6420404049   -11.534145962
6.26   32.7154024377   -11.476874324
6.27   32.7887644706   -11.420582686
6.28   32.8621265034   -11.3652710481
6.29   32.9354885362   -11.3109394101
6.3   33.008850569   -11.2575877721
6.31   33.0822126018   -11.2052161341
6.32   33.1555746347   -11.1538244962
6.33   33.2289366675   -11.1034128582
6.34   33.3022987003   -11.0539812202
6.35   33.3756607331   -11.0055295822
6.36   33.4490227659   -10.9580579443
6.37   33.5223847987   -10.9115663063
6.38   33.5957468316   -10.8660546683
6.39   33.6691088644   -10.8215230303
6.4   33.7424708972   -10.7779713924
6.41   33.81583293   -10.7353997544
6.42   33.8891949628   -10.6938081164
6.43   33.9625569957   -10.6531964784
6.44   34.0359190285   -10.6135648405
6.45   34.1092810613   -10.5749132025
6.46   34.1826430941   -10.5372415645
6.47   34.2560051269   -10.5005499265
6.48   34.3293671598   -10.4648382886
6.49   34.4027291926   -10.4301066506
6.5   34.4760912254   -10.3963550126
6.51   34.5494532582   -10.3635833746
6.52   34.622815291   -10.3317917367
6.53   34.6961773239   -10.3009800987
6.54   34.7695393567   -10.2711484607
6.55   34.8429013895   -10.2422968227
6.56   34.9162634223   -10.2144251847
6.57   34.9896254551   -10.1875335468
6.58   35.062987488   -10.1616219088
6.59   35.1363495208   -10.1366902708
6.6   35.2097115536   -10.1127386328
6.61   35.2830735864   -10.0897669949
6.62   35.3564356192   -10.0677753569
6.63   35.429797652   -10.0467637189
6.64   35.5031596849   -10.0267320809
6.65   35.5765217177   -10.007680443
6.66   35.6498837505   -9.98960880499
6.67   35.7232457833   -9.97251716701
6.68   35.7966078161   -9.95640552904
6.69   35.9091734772   -9.86735989624
6.7   35.9935243745   -9.8063469869
6.71   36.0778752718   -9.74631407756
6.72   36.1622261691   -9.68726116823
6.73   36.2465770664   -9.62918825889
6.74   36.3309279637   -9.57209534955
6.75   36.415278861   -9.51598244022
6.76   36.4996297583   -9.46084953088
6.77   36.5839806556   -9.40669662154
6.78   36.6683315529   -9.35352371221
6.79   36.7526824502   -9.30133080287
6.8   36.8370333475   -9.25011789353
6.81   36.9213842447   -9.1998849842
6.82   37.005735142   -9.15063207486
6.83   37.0900860393   -9.10235916552
6.84   37.1744369366   -9.05506625618
6.85   37.2587878339   -9.00875334685
6.86   37.3460262031   -8.95223079112
6.87   37.4333953463   -8.89585519355
6.88   37.5208957965   -8.83959955752
6.89   37.6083962467   -8.78432392148
6.9   37.6955056718   -8.72776080452
6.91   37.7828019449   -8.67143202014
6.92   37.8702294876   -8.61522324795
6.93   37.9576570303   -8.55999447576
6.94   38.0446935285   -8.50347811974
6.95   38.1319168822   -8.44719618027
6.96   38.219271468   -8.39103430371
6.97   38.3066260538   -8.33585242714
6.98   38.3935895756   -8.27938286373
6.99   38.4807399603   -8.22314780093
7.0   38.5647859159   -8.16225996149
7.01   38.6503407677   -8.10352636488
7.02   38.7358956194   -8.04577276827
7.03   38.8210652849   -7.98675309955
7.04   38.9064115312   -7.92796011279
7.05   38.9918729114   -7.86928928736
7.06   39.0773342915   -7.81159846193
7.07   39.1624130354   -7.75264519296
7.08   39.2476664391   -7.69391589357
7.09   39.3330349321   -7.63530882422
7.1   39.4184034251   -7.57768175487
7.11   39.5033892462   -7.51879210098
7.12   39.5885497451   -7.4601265316
7.13   39.6738252888   -7.40158326104
7.14   39.7591008324   -7.34401999047
7.15   39.8439936685   -7.2851939942
7.16   39.9290612004   -7.22659219752
7.17   40.0142437325   -7.16811276847
7.18   40.0994262646   -7.11061333942
7.19   40.1842260533   -7.05185104336
7.2   40.269200556   -6.99331306207
7.21   40.3542900143   -6.93489751729
7.22   40.4393794726   -6.87746197252
7.23   40.5240861517   -6.81876341926
7.24   40.6089675629   -6.76028929609
7.25   40.693963885   -6.70193767837
7.26   40.7789602072   -6.64456606065
7.27   40.8635737144   -6.58593129283
7.28   40.9483619717   -6.52752107052
7.29   41.0332650955   -6.46923342267
7.3   41.1181682192   -6.41192577481
7.31   41.202688492   -6.35335483507
7.32   41.2873835331   -6.29500855641
7.33   41.3721933961   -6.23678492125
7.34   41.4570032591   -6.1795412861
7.35   41.5532626547   -6.10873333463
7.36   41.6360721814   -6.04794628017
7.37   41.718881708   -5.98813922572
7.38   41.8016912347   -5.92931217126
7.39   41.8845007614   -5.8714651168
7.4   41.9673102881   -5.81459806235
7.41   42.0501198147   -5.75871100789
7.42   42.1329293414   -5.70380395344
7.43   42.2157388681   -5.64987689898
7.44   42.2985483948   -5.59692984452
7.45   42.3813579214   -5.54496279007
7.46   42.4641674481   -5.49397573561
7.47   42.5469769748   -5.44396868115
7.48   42.6297865015   -5.3949416267
7.49   42.7125960282   -5.34689457224
7.5   42.7954055548   -5.29982751778
7.51   42.8782150815   -5.25374046333
7.52   42.9610246082   -5.20863340887
7.53   43.0438341349   -5.16450635441
7.54   43.1266436615   -5.12135929996
7.55   43.2094531882   -5.0791922455
7.56   43.2922627149   -5.03800519104
7.57   43.3750722416   -4.99779813659
7.58   43.4578817683   -4.95857108213
7.59   43.5406912949   -4.92032402767
7.6   43.6235008216   -4.88305697322
7.61   43.7063103483   -4.84676991876
7.62   43.7666855801   -4.74626699505
7.63   43.837330487   -4.67207760641
7.64   43.907975394   -4.59886821777
7.65   43.9786203009   -4.52663882914
7.66   44.0492652079   -4.4553894405
7.67   44.1199101148   -4.38512005187
7.68   44.1905550218   -4.31583066323
7.69   44.2611999287   -4.2475212746
7.7   44.3318448357   -4.18019188596
7.71   44.4024897426   -4.11384249733
7.72   44.4731346496   -4.04847310869
7.73   44.5437795565   -3.98408372006
7.74   44.6144244635   -3.92067433142
7.75   44.6850693704   -3.85824494279
7.76   44.7557142773   -3.79679555415
7.77   44.8263591843   -3.73632616552
7.78   44.8970040912   -3.67683677688
7.79   44.9676489982   -3.61832738824
7.8   45.0382939051   -3.56079799961
7.81   45.1089388121   -3.50424861097
7.82   45.179583719   -3.44867922234
7.83   45.250228626   -3.3940898337
7.84   45.3208735329   -3.34048044507
7.85   45.3915184399   -3.28785105643
7.86   45.4621633468   -3.2362016678
7.87   45.5328082538   -3.18553227916
7.88   45.6034531607   -3.13584289053
7.89   45.6740980676   -3.08713350189
7.9   45.7447429746   -3.03940411326
7.91   45.8153878815   -2.99265472462
7.92   45.8860327885   -2.94688533598
7.93   45.9566776954   -2.90209594735
7.94   46.0273226024   -2.85828655871
7.95   46.0979675093   -2.81545717008
7.96   46.1686124163   -2.77360778144
7.97   46.2392573232   -2.73273839281
7.98   46.3099022302   -2.69284900417
7.99   46.3805471371   -2.65393961554
8.0   46.4511920441   -2.6160102269
8.01   46.521836951   -2.57906083827
8.02   46.592481858   -2.54309144963
8.03   46.6631267649   -2.508102061
8.04   46.7337716718   -2.47409267236
8.05   46.8044165788   -2.44106328373
8.06   46.8750614857   -2.40901389509
8.07   46.9457063927   -2.37794450645
8.08   47.0163512996   -2.34785511782
8.09   47.0869962066   -2.31874572918
8.1   47.1576411135   -2.29061634055
8.11   47.2282860205   -2.26346695191
8.12   47.2989309274   -2.23729756328
8.13   47.3695758344   -2.21210817464
8.14   47.4402207413   -2.18789878601
8.15   47.5108656483   -2.16466939737
8.16   47.5815105552   -2.14242000874
8.17   47.6521554621   -2.1211506201
8.18   47.7228003691   -2.10086123147
8.19   47.793445276   -2.08155184283
8.2   47.864090183   -2.0632224542
8.21   47.9347350899   -2.04587306556
8.22   48.0053799969   -2.02950367692
8.23   48.0760249038   -2.01411428829
8.24   48.1466698108   -1.99970489965
8.25   48.2173147177   -1.98627551102
8.26   48.2879596247   -1.97382612238
8.27   48.3586045316   -1.96235673375
8.28   48.4292494386   -1.95186734511
8.29   48.4998943455   -1.94235795648
8.3   48.5705392524   -1.93382856784
8.31   48.6411841594   -1.92627917921
8.32   48.7118290663   -1.91970979057
8.33   48.7824739733   -1.91412040194
8.34   48.8531188802   -1.9095110133
8.35   48.9237637872   -1.90588162466
8.36   48.9944086941   -1.90323223603
8.37   49.0650536011   -1.90156284739
8.38   49.135698508   -1.90087345876
8.39   49.206343415   -1.90116407012
8.4   49.2769883219   -1.90243468149
8.41   49.3476332289   -1.90468529285
8.42   49.4182781358   -1.90791590422
8.43   49.4889230427   -1.91212651558
8.44   49.5595679497   -1.91731712695
8.45   49.6302128566   -1.92348773831
8.46   49.7008577636   -1.93063834968
8.47   49.7715026705   -1.93876896104
8.48   49.8421475775   -1.94787957241
8.49   49.9127924844   -1.95797018377
8.5   49.9834373914   -1.96904079513
8.51   50.0540822983   -1.9810914065
8.52   50.1247272053   -1.99412201786
8.53   50.1953721122   -2.00813262923
8.54   50.2660170192   -2.02312324059
8.55   50.3366619261   -2.03909385196
8.56   50.4073068331   -2.05604446332
8.57   50.47795174   -2.07397507469
8.58   50.5485966469   -2.09288568605
8.59   50.6192415539   -2.11277629742
8.6   50.6898864608   -2.13364690878
8.61   50.7605313678   -2.15549752015
8.62   50.8311762747   -2.17832813151
8.63   50.9018211817   -2.20213874288
8.64   50.9724660886   -2.22692935424
8.65   51.0431109956   -2.2526999656
8.66   51.1137559025   -2.27945057697
8.67   51.1844008095   -2.30718118833
8.68   51.2550457164   -2.3358917997
8.69   51.3256906234   -2.36558241106
8.7   51.3963355303   -2.39625302243
8.71   51.4669804372   -2.42790363379
8.72   51.5376253442   -2.46053424516
8.73   51.6082702511   -2.49414485652
8.74   51.6789151581   -2.52873546789
8.75   51.749560065   -2.56430607925
8.76   51.7964945724   -2.45503685488
8.77   51.8790231229   -2.3944735691
8.78   51.9616509275   -2.33403597576
8.79   52.044278732   -2.27457838241
8.8   52.1265330626   -2.21388142045
8.81   52.2089498405   -2.15339982285
8.82   52.2914658231   -2.09304400544
8.83   52.3739818057   -2.03366818803
8.84   52.456124257   -1.97305282001
8.85   52.5384291886   -1.91265296454
8.86   52.6208332754   -1.85237897709
8.87   52.7032373623   -1.79308498964
8.88   52.7852678604   -1.73255126938
8.89   52.8674608717   -1.67223321002
8.9   52.9497529889   -1.61204110658
8.91   53.0320451062   -1.55282900314
8.92   53.1139635771   -1.49237698448
8.93   53.1960445943   -1.43214077525
8.94   53.278224668   -1.37203060991
8.95   53.3604047417   -1.31290044457
8.96   53.4422111115   -1.25253018139
8.97   53.5241800607   -1.19237587632
8.98   53.606248017   -1.13234770319
8.99   53.6883159732   -1.07329953007
9.0   53.7700101678   -1.01301107628
9.01   53.851866975   -0.952938729438
9.02   53.9338227398   -0.892992602673
9.03   54.0157785046   -0.834026475909
9.04   54.0973604499   -0.77381988544
9.05   54.1791050411   -0.713829550938
9.06   54.2609485404   -0.653965524709
9.07   54.3427920398   -0.59508149848
9.08   54.4242616616   -0.534956825299
9.09   54.5058939627   -0.475048557265
9.1   54.5876251226   -0.415266685777
9.11   54.6693562824   -0.356464814289
9.12   54.7422668677   -0.286073458522
9.13   54.8195582123   -0.220939086714
9.14   54.8969155782   -0.155940013981
9.15   54.9742729441   -0.0919209412484
9.16   55.0512821862   -0.0267143296747
9.17   55.1284250802   0.0382954169972
9.18   55.2056339437   0.103169733401
9.19   55.2828428072   0.167064049805
9.2   55.3597034229   0.232146181316
9.21   55.4366977715   0.297031223327
9.22   55.5137580379   0.361780703768
9.23   55.5908183043   0.42555018421
9.24   55.6675301987   0.490507756358
9.25   55.7443759072   0.555268014146
9.26   55.8212874818   0.619892578955
9.27   55.8981990563   0.683537143764
9.28   55.9747621345   0.748370077213
9.29   56.0514591081   0.813005471181
9.3   56.128221896   0.877505040651
9.31   56.204984684   0.941024610121
9.32   56.2813988509   1.0057328255
9.33   56.3579469947   1.07024327601
9.34   56.4345609013   1.1346177704
9.35   56.5111748079   1.19801226479
9.36   56.5874399685   1.26259568269
9.37   56.6638391876   1.32698111008
9.38   56.740304118   1.3912304496
9.39   56.8167690483   1.45449978913
9.4   56.8928851075   1.51895833011
9.41   56.9691353071   1.58321865466
9.42   57.0454511662   1.64734275951
9.43   57.1217670253   1.71048686436
9.44   57.197733888   1.77482044894
9.45   57.2738349731   1.83895559092
9.46   57.3500016661   1.90295438124
9.47   57.4261683592   1.96597317156
9.48   57.5019859301   2.03018172022
9.49   57.5779378057   2.09419159984
9.5   57.6539552376   2.15806499575
9.51   57.7299726695   2.22095839165
9.52   57.8056408535   2.28504182484
9.53   57.8814434246   2.3489263623
9.54   57.9573115004   2.41267428386
9.55   58.0331795762   2.47544220542
9.56   58.1086982779   2.53940044355
9.57   58.1843514494   2.60315955899
9.58   58.2600700739   2.66678192625
9.59   58.3357886985   2.72942429351
9.6   58.4111578228   2.79325725695
9.61   58.4866614994   2.85689087048
9.62   58.5622305777   2.92038760344
9.63   58.6377996559   2.98290433641
9.64   58.7130191073   3.04661194551
9.65   58.788373194   3.11011997721
9.66   58.8637926307   3.17349099584
9.67   58.9392120675   3.23588201447
9.68   59.0142817507   3.29946418953
9.69   59.0894861522   3.36284655944
9.7   59.1647558522   3.42609178367
9.71   59.2400255523   3.4883570079
9.72   59.3149453717   3.55181366919
9.73   59.3899999928   3.61507029732
9.74   59.4651198609   3.67818964704
9.75   59.540239729   3.74032899676
9.76   59.6153595972   3.80148834649
9.77   59.6904794653   3.86166769621
9.78   59.7655993334   3.92086704593
9.79   59.8407192015   3.97908639566
9.8   59.9158390696   4.03632574538
9.81   59.9909589377   4.0925850951
9.82   60.0660788058   4.14786444483
9.83   60.1411986739   4.20216379455
9.84   60.216318542   4.25548314427
9.85   60.2914384101   4.307822494
9.86   60.3665582783   4.35918184372
9.87   60.4416781464   4.40956119344
9.88   60.5167980145   4.45896054317
9.89   60.5919178826   4.50737989289
9.9   60.6670377507   4.55481924261
9.91   60.7421576188   4.60127859234
9.92   60.8172774869   4.64675794206
9.93   60.892397355   4.69125729178
9.94   60.9675172231   4.73477664151
9.95   61.0426370912   4.77731599123
9.96   61.1177569594   4.81887534095
9.97   61.1928768275   4.85945469068
9.98   61.2679966956   4.8990540404
9.99   61.3431165637   4.93767339012
10.0   61.4182364318   4.97531273985
10.01   61.4933562999   5.01197208957
10.02   61.568476168   5.04765143929
10.03   61.6435960361   5.08235078902
10.04   61.7187159042   5.11607013874
10.05   61.7938357723   5.14880948846
10.06   61.8689556405   5.18056883819
10.07   61.9440755086   5.21134818791
10.08   62.0191953767   5.24114753763
10.09   62.0943152448   5.26996688736
10.1   62.1694351129   5.29780623708
10.11   62.244554981   5.3246655868
10.12   62.3196748491   5.35054493653
10.13   62.3947947172   5.37544428625
10.14   62.4699145853   5.39936363597
10.15   62.5450344534   5.4223029857
10.16   62.6201543216   5.44426233542
10.17   62.6952741897   5.46524168514
10.18   62.7703940578   5.48524103487
10.19   62.8455139259   5.50426038459
10.2   62.920633794   5.52229973431
10.21   62.9957536621   5.53935908404
10.22   63.0708735302   5.55543843376
10.23   63.1459933983   5.57053778348
10.24   63.2211132664   5.58465713321
10.25   63.2962331345   5.59779648293
10.26   63.3713530027   5.60995583265
10.27   63.4464728708   5.62113518238
10.28   63.5215927389   5.6313345321
10.29   63.596712607   5.64055388182
10.3   63.6718324751   5.64879323155
10.31   63.7469523432   5.65605258127
10.32   63.8220722113   5.66233193099
10.33   63.8971920794   5.66763128072
10.34   63.9621598903   5.74805602722
10.35   64.0447204345   5.80093141377
10.36   64.1274116156   5.85368354821
10.37   64.2101027968   5.90545568266
10.38   64.2924007145   5.95852539459
10.39   64.3748873929   6.01135369581
10.4   64.4575046707   6.06405869346
10.41   64.5401219486   6.11578369111
10.42   64.6223459423   6.16880637223
10.43   64.7047587051   6.22158755629
10.44   64.7873020296   6.27424538526
10.45   64.8698453541   6.32592321422
10.46   64.9519953739   6.37889883276
10.47   65.0343341711   6.43163286779
10.48   65.1168034923   6.48424349617
10.49   65.1992728134   6.53587412455
10.5   65.2813488093   6.58880264871
10.51   65.3636135908   6.64148950284
10.52   65.4460088586   6.6940528987
10.53   65.5284041265   6.74563629457
10.54   65.6107993943   6.79623969044
10.55   65.6931946622   6.8458630863
10.56   65.77558993   6.89450648217
10.57   65.8579851978   6.94216987803
10.58   65.9403804657   6.9888532739
10.59   66.0227757335   7.03455666976
10.6   66.1051710014   7.07928006563
10.61   66.1875662692   7.12302346149
10.62   66.269961537   7.16578685736
10.63   66.3523568049   7.20757025322
10.64   66.4347520727   7.24837364909
10.65   66.5171473406   7.28819704496
10.66   66.5995426084   7.32704044082
10.67   66.6819378762   7.36490383669
10.68   66.7643331441   7.40178723255
10.69   66.8467284119   7.43769062842
10.7   66.9291236798   7.47261402428
10.71   67.0115189476   7.50655742015
10.72   67.0939142154   7.53952081601
10.73   67.1763094833   7.57150421188
10.74   67.2587047511   7.60250760774
10.75   67.341100019   7.63253100361
10.76   67.4234952868   7.66157439948
10.77   67.5058905547   7.68963779534
10.78   67.5882858225   7.71672119121
10.79   67.6706810903   7.74282458707
10.8   67.7530763582   7.76794798294
10.81   67.835471626   7.7920913788
10.82   67.9178668939   7.81525477467
10.83   68.0002621617   7.83743817053
10.84   68.0826574295   7.8586415664
10.85   68.1650526974   7.87886496226
10.86   68.2474479652   7.89810835813
10.87   68.3298432331   7.916371754
10.88   68.4122385009   7.93365514986
10.89   68.4946337687   7.94995854573
10.9   68.5770290366   7.96528194159
10.91   68.6594243044   7.97962533746
10.92   68.7418195723   7.99298873332
10.93   68.8242148401   8.00537212919
10.94   68.9066101079   8.01677552505
10.95   68.9890053758   8.02719892092
10.96   69.0714006436   8.03664231678
10.97   69.1537959115   8.04510571265
10.98   69.2361911793   8.05258910852
10.99   69.3185864471   8.05909250438
11.0   69.400981715   8.06461590025
11.01   69.4833769828   8.06915929611
11.02   69.5657722507   8.07272269198
11.03   69.6481675185   8.07530608784
11.04   69.7305627863   8.07690948371
11.05   69.8129580542   8.07753287957
11.06   69.895353322   8.07717627544
11.07   69.9777485899   8.0758396713
11.08   70.0601438577   8.07352306717
11.09   70.1425391256   8.07022646304
11.1   70.2249343934   8.0659498589
11.11   70.3073296612   8.06069325477
11.12   70.3897249291   8.05445665063
11.13   70.4721201969   8.0472400465
11.14   70.5545154648   8.03904344236
11.15   70.6369107326   8.02986683823
11.16   70.7193060004   8.01971023409
11.17   70.8017012683   8.00857362996
11.18   70.8840965361   7.99645702582
11.19   70.966491804   7.98336042169
11.2   71.0488870718   7.96928381756
11.21   71.1312823396   7.95422721342
11.22   71.2136776075   7.93819060929
11.23   71.2960728753   7.92117400515
11.24   71.3784681432   7.90317740102
11.25   71.460863411   7.88420079688
11.26   71.5432586788   7.86424419275
11.27   71.6256539467   7.84330758861
11.28   71.7080492145   7.82139098448
11.29   71.7904444824   7.79849438034
11.3   71.8728397502   7.77461777621
11.31   71.955235018   7.74976117208
11.32   72.0376302859   7.72392456794
11.33   72.1200255537   7.69710796381
11.34   72.2024208216   7.66931135967
11.35   72.2848160894   7.64053475554
11.36   72.3672113572   7.6107781514
11.37   72.4496066251   7.58004154727
11.38   72.5320018929   7.54832494313
11.39   72.6143971608   7.515628339
11.4   72.6967924286   7.48195173486
11.41   72.7791876965   7.44729513073
11.42   72.8615829643   7.4116585266
11.43   72.9439782321   7.37504192246
11.44   73.0263735   7.33744531833
11.45   73.1087687678   7.29886871419
11.46   73.1911640357   7.25931211006
11.47   73.2735593035   7.21877550592
11.48   73.3559545713   7.17725890179
11.49   73.4383498392   7.13476229765
11.5   73.520745107   7.09128569352
11.51   73.6031403749   7.04682908938
11.52   73.6855356427   7.00139248525
11.53   73.7679309105   6.95497588112
11.54   73.8503261784   6.90757927698
11.55   73.9327214462   6.85920267285
11.56   74.03042609   6.87102375921
11.57   74.1284284803   6.87126644138
11.58   74.2267284351   6.87126642849
11.59   74.3253260961   6.87126641445
11.6   74.4242216051   6.87126640036
11.61   74.5234151038   6.87126638623
11.62   74.6229067339   6.87126637204
11.63   74.7226966373   6.87126635781
11.64   74.8227849558   6.87126634354
11.65   74.9231718315   6.87126632921
11.66   75.0238574062   6.87126631484
11.67   75.1249912422   6.87125649408
11.68   75.2261250783   6.87026667333
11.69   75.3272589144   6.86829685257
11.7   75.4283927504   6.86534703182
11.71   75.5295265865   6.86141721106
11.72   75.6306604226   6.85650739031
11.73   75.7317942587   6.85061756955
11.74   75.8329280947   6.8437477488
11.75   75.9340619308   6.83589792805
11.76   76.0351957669   6.82706810729
11.77   76.1363296029   6.81725828654
11.78   76.237463439   6.80646846578
11.79   76.3385972751   6.79469864503
11.8   76.4397311111   6.78194882427
11.81   76.5408649472   6.76821900352
11.82   76.6419987833   6.75350918276
11.83   76.7431326193   6.73781936201
11.84   76.8442664554   6.72114954125
11.85   76.9454002915   6.7034997205
11.86   77.0465341275   6.68486989975
11.87   77.1476679636   6.66526007899
11.88   77.2488017997   6.64467025824
11.89   77.3499356357   6.62310043748
11.9   77.4510694718   6.60055061673
11.91   77.5522033079   6.57702079597
11.92   77.6533371439   6.55251097522
11.93   77.75447098   6.52702115446
11.94   77.8556048161   6.50055133371
11.95   77.9567386522   6.47310151295
11.96   78.0578724882   6.4446716922
11.97   78.1590063243   6.41526187145
11.98   78.2601401604   6.38487205069
11.99   78.3612739964   6.35350222994
12.0   78.4624078325   6.32115240918
12.01   78.5635416686   6.28782258843
12.02   78.6646755046   6.25351276767
12.03   78.7658093407   6.21822294692
12.04   78.8669431768   6.18195312616
12.05   78.9680770128   6.14470330541
12.06   79.0692108489   6.10647348465
12.07   79.170344685   6.0672636639
12.08   79.271478521   6.02707384315
12.09   79.3726123571   5.98590402239
12.1   79.4737461932   5.94375420164
12.11   79.5748800292   5.90062438088
12.12   79.6760138653   5.85651456013
12.13   79.7771477014   5.81142473937
12.14   79.8782815375   5.76535491862
12.15   79.9794153735   5.71830509786
12.16   80.0805492096   5.67027527711
12.17   80.1816830457   5.62126545635
12.18   80.2828168817   5.5712756356
12.19   80.3839507178   5.52030581485
12.2   80.4850845539   5.46835599409
12.21   80.5862183899   5.41542617334
12.22   80.687352226   5.36151635258
12.23   80.7884860621   5.30662653183
12.24   80.8896198981   5.25075671107
12.25   80.9907537342   5.19390689032
12.26   81.0918875703   5.13607706956
12.27   81.1930214063   5.07726724881
12.28   81.2941552424   5.01747742806
12.29   81.3952890785   4.9567076073
12.3   81.4964229145   4.89495778655
12.31   81.5975567506   4.83222796579
12.32   81.6986905867   4.76851814504
12.33   81.7998244227   4.70382832428
12.34   81.9009582588   4.63815850353
12.35   82.0020920949   4.57150868277
12.36   82.103225931   4.50387886202
12.37   82.204359767   4.43526904126
12.38   82.3054936031   4.36567922051
12.39   82.4066274392   4.29510939976
12.4   82.5077612752   4.223559579
12.41   82.6088951113   4.15102975825
12.42   82.7100289474   4.07751993749
12.43   82.8111627834   4.00303011674
12.44   82.9122966195   3.92756029598
12.45   83.0134304556   3.85111047523
12.46   83.1145642916   3.77368065447
12.47   83.2156981277   3.69527083372
12.48   83.3168319638   3.61588101296
12.49   83.4179657998   3.53551119221
12.5   83.5190996359   3.45416137146
12.51   83.620233472   3.3718315507
12.52   83.721367308   3.28852172995
12.53   83.8225011441   3.20423190919
12.54   83.9236349802   3.11896208844
12.55   84.0247688163   3.03271226768
12.56   84.1259026523   2.94548244693
12.57   84.2270364884   2.85727262617
12.58   84.3281703245   2.76808280542
12.59   84.4293041605   2.67791298466
12.6   84.5304379966   2.58676316391
12.61   84.6315718327   2.49463334316
12.62   84.7327056687   2.4015235224
12.63   84.8338395048   2.30743370165
12.64   84.9349733409   2.21236388089
12.65   85.0361071769   2.11631406014
12.66   85.137241013   2.01928423938
12.67   85.2383748491   1.92127441863
12.68   85.3395086851   1.82228459787
12.69   85.4406425212   1.72231477712
12.7   85.5417763573   1.62136495636
12.71   85.6429101933   1.51943513561
12.72   85.7440440294   1.41652531486
12.73   85.8451778655   1.3126354941
12.74   85.9463117015   1.20776567335
12.75   86.0474455376   1.10191585259
12.76   86.1485793737   0.995086031837
12.77   86.2497132098   0.887276211083
12.78   86.3508470458   0.778486390328
12.79   86.4519808819   0.668716569574
12.8   86.553114718   0.557966748819
12.81   86.654248554   0.446236928065
12.82   86.7553823901   0.33352710731
